
imagenet_AlexNet_10
[[10  2  4 ...  3  2  0]
 [ 2 10  2 ...  2  6  0]
 [ 4  2 10 ...  2  2  0]
 ...
 [ 3  2  2 ... 10  2  0]
 [ 2  6  2 ...  2 10  0]
 [ 0  0  0 ...  0  0 10]]
(1000, 1000)
10

imagenet_ConvNeXt_12
[[10  7  1 ...  1  1  0]
 [ 7 10  5 ...  3  2  0]
 [ 1  5 10 ...  3  2  0]
 ...
 [ 1  3  3 ... 10  2  0]
 [ 1  2  2 ...  2 10  0]
 [ 0  0  0 ...  0  0 10]]
(1000, 1000)
10

imagenet_DenseNet_2
[[10  4  6 ...  4  2  0]
 [ 4 10  4 ...  4  2  0]
 [ 6  4 10 ...  4  2  0]
 ...
 [ 4  4  4 ... 10  2  0]
 [ 2  2  2 ...  2 10  0]
 [ 0  0  0 ...  0  0 10]]
(1000, 1000)
10

imagenet_DenseNet_27
[[10  4  5 ...  3  2  0]
 [ 4 10  4 ...  3  2  0]
 [ 5  4 10 ...  3  2  0]
 ...
 [ 3  3  3 ... 10  5  0]
 [ 2  2  2 ...  5 10  0]
 [ 0  0  0 ...  0  0 10]]
(1000, 1000)
10

imagenet_DenseNet_28
[[10  4  5 ...  3  2  0]
 [ 4 10  4 ...  5  2  0]
 [ 5  4 10 ...  3  2  0]
 ...
 [ 3  5  3 ... 10  2  0]
 [ 2  2  2 ...  2 10  0]
 [ 0  0  0 ...  0  0 10]]
(1000, 1000)
10

imagenet_DenseNet_29
[[10  4  5 ...  3  2  0]
 [ 4 10  4 ...  5  2  0]
 [ 5  4 10 ...  3  2  0]
 ...
 [ 3  5  3 ... 10  4  0]
 [ 2  2  2 ...  4 10  0]
 [ 0  0  0 ...  0  0 10]]
(1000, 1000)
10

imagenet_EfficientNet_1
[[10  6  6 ...  2  1  0]
 [ 6 10  6 ...  2  1  0]
 [ 6  6 10 ...  2  1  0]
 ...
 [ 2  2  2 ... 10  1  0]
 [ 1  1  1 ...  1 10  0]
 [ 0  0  0 ...  0  0 10]]
(1000, 1000)
10

imagenet_GoogLeNet_21
[[10  4  6 ...  2  1  0]
 [ 4 10  4 ...  2  1  0]
 [ 6  4 10 ...  2  1  0]
 ...
 [ 2  2  2 ... 10  5  0]
 [ 1  1  1 ...  5 10  0]
 [ 0  0  0 ...  0  0 10]]
(1000, 1000)
10

imagenet_Inception3_6
[[10  4  6 ...  3  1  0]
 [ 4 10  2 ...  5  1  0]
 [ 6  2 10 ...  3  1  0]
 ...
 [ 3  5  3 ... 10  4  0]
 [ 1  1  1 ...  4 10  2]
 [ 0  0  0 ...  0  2 10]]
(1000, 1000)
10

imagenet_MNASNet_18
[[10  5  6 ...  2  2  0]
 [ 5 10  5 ...  3  2  0]
 [ 6  5 10 ...  1  1  0]
 ...
 [ 2  3  1 ... 10  2  0]
 [ 2  2  1 ...  2 10  0]
 [ 0  0  0 ...  0  0 10]]
(1000, 1000)
10

imagenet_MNASNet_19
[[10  4  6 ...  4  3  0]
 [ 4 10  3 ...  4  3  0]
 [ 6  3 10 ...  3  3  0]
 ...
 [ 4  4  3 ... 10  3  0]
 [ 3  3  3 ...  3 10  0]
 [ 0  0  0 ...  0  0 10]]
(1000, 1000)
10

imagenet_MNASNet_20
[[10  4  5 ...  4  2  0]
 [ 4 10  4 ...  5  2  0]
 [ 5  4 10 ...  4  2  0]
 ...
 [ 4  5  4 ... 10  2  0]
 [ 2  2  2 ...  2 10  0]
 [ 0  0  0 ...  0  0 10]]
(1000, 1000)
10

imagenet_MNASNet_3
[[10  4  5 ...  4  2  0]
 [ 4 10  6 ...  4  2  0]
 [ 5  6 10 ...  4  2  0]
 ...
 [ 4  4  4 ... 10  5  0]
 [ 2  2  2 ...  5 10  0]
 [ 0  0  0 ...  0  0 10]]
(1000, 1000)
10

imagenet_MobileNetV3_30
[[10  8  3 ...  4  2  0]
 [ 8 10  3 ...  4  2  0]
 [ 3  3 10 ...  3  2  0]
 ...
 [ 4  4  3 ... 10  2  0]
 [ 2  2  2 ...  2 10  0]
 [ 0  0  0 ...  0  0 10]]
(1000, 1000)
10

imagenet_MobileNetV3_31
[[10  5  6 ...  3  4  0]
 [ 5 10  5 ...  3  3  0]
 [ 6  5 10 ...  3  3  0]
 ...
 [ 3  3  3 ... 10  3  0]
 [ 4  3  3 ...  3 10  0]
 [ 0  0  0 ...  0  0 10]]
(1000, 1000)
10

imagenet_RN101
[[10  4  7 ...  2  0  0]
 [ 4 10  4 ...  2  0  0]
 [ 7  4 10 ...  0  2  2]
 ...
 [ 2  2  0 ... 10  4  0]
 [ 0  0  2 ...  4 10  2]
 [ 0  0  2 ...  0  2 10]]
(1000, 1000)
10

imagenet_RN50
[[10  7  5 ...  3  0  0]
 [ 7 10  4 ...  3  0  0]
 [ 5  4 10 ...  3  2  2]
 ...
 [ 3  3  3 ... 10  4  0]
 [ 0  0  2 ...  4 10  3]
 [ 0  0  2 ...  0  3 10]]
(1000, 1000)
10

imagenet_RN50x4
[[10  8  5 ...  2  0  0]
 [ 8 10  3 ...  2  0  0]
 [ 5  3 10 ...  1  2  2]
 ...
 [ 2  2  1 ... 10  4  0]
 [ 0  0  2 ...  4 10  3]
 [ 0  0  2 ...  0  3 10]]
(1000, 1000)
10

imagenet_RegNet_4
[[10  7  6 ...  3  1  0]
 [ 7 10  6 ...  2  1  0]
 [ 6  6 10 ...  3  1  0]
 ...
 [ 3  2  3 ... 10  1  0]
 [ 1  1  1 ...  1 10  0]
 [ 0  0  0 ...  0  0 10]]
(1000, 1000)
10

imagenet_ResNet_0
[[10  5  5 ...  2  1  1]
 [ 5 10  5 ...  2  1  1]
 [ 5  5 10 ...  2  1  1]
 ...
 [ 2  2  2 ... 10  1  3]
 [ 1  1  1 ...  1 10  1]
 [ 1  1  1 ...  3  1 10]]
(1000, 1000)
10

imagenet_ResNet_11
[[10  6  6 ...  2  0  0]
 [ 6 10  6 ...  2  0  0]
 [ 6  6 10 ...  2  0  0]
 ...
 [ 2  2  2 ... 10  0  3]
 [ 0  0  0 ...  0 10  2]
 [ 0  0  0 ...  3  2 10]]
(1000, 1000)
10

imagenet_ResNet_12
[[10  4  5 ...  3  2  0]
 [ 4 10  4 ...  3  2  0]
 [ 5  4 10 ...  3  2  0]
 ...
 [ 3  3  3 ... 10  2  0]
 [ 2  2  2 ...  2 10  0]
 [ 0  0  0 ...  0  0 10]]
(1000, 1000)
10

imagenet_ResNet_13
[[10  6  5 ...  2  2  0]
 [ 6 10  2 ...  4  2  0]
 [ 5  2 10 ...  2  2  0]
 ...
 [ 2  4  2 ... 10  2  0]
 [ 2  2  2 ...  2 10  0]
 [ 0  0  0 ...  0  0 10]]
(1000, 1000)
10

imagenet_ResNet_5
[[10  5  4 ...  3  0  0]
 [ 5 10  4 ...  3  0  0]
 [ 4  4 10 ...  3  0  0]
 ...
 [ 3  3  3 ... 10  1  1]
 [ 0  0  0 ...  1 10  2]
 [ 0  0  0 ...  1  2 10]]
(1000, 1000)
10

imagenet_ResNet_6
[[10  4  6 ...  3  0  1]
 [ 4 10  4 ...  3  0  1]
 [ 6  4 10 ...  3  0  1]
 ...
 [ 3  3  3 ... 10  0  1]
 [ 0  0  0 ...  0 10  0]
 [ 1  1  1 ...  1  0 10]]
(1000, 1000)
10

imagenet_ShuffleNetV2_9
[[10  6  6 ...  2  2  0]
 [ 6 10  6 ...  2  2  0]
 [ 6  6 10 ...  2  2  0]
 ...
 [ 2  2  2 ... 10  2  0]
 [ 2  2  2 ...  2 10  0]
 [ 0  0  0 ...  0  0 10]]
(1000, 1000)
10

imagenet_SqueezeNet_22
[[10  3  5 ...  3  2  0]
 [ 3 10  3 ...  5  5  0]
 [ 5  3 10 ...  3  2  0]
 ...
 [ 3  5  3 ... 10  5  0]
 [ 2  5  2 ...  5 10  1]
 [ 0  0  0 ...  0  1 10]]
(1000, 1000)
10

imagenet_SqueezeNet_23
[[10  4  5 ...  4  2  0]
 [ 4 10  4 ...  4  6  0]
 [ 5  4 10 ...  4  2  0]
 ...
 [ 4  4  4 ... 10  5  0]
 [ 2  6  2 ...  5 10  1]
 [ 0  0  0 ...  0  1 10]]
(1000, 1000)
10

imagenet_SwinTransformer_5
[[10  7  5 ...  3  2  0]
 [ 7 10  6 ...  3  2  1]
 [ 5  6 10 ...  3  1  2]
 ...
 [ 3  3  3 ... 10  5  0]
 [ 2  2  1 ...  5 10  0]
 [ 0  1  2 ...  0  0 10]]
(1000, 1000)
10

imagenet_VGG_10
[[10  4  6 ...  3  2  0]
 [ 4 10  4 ...  5  2  0]
 [ 6  4 10 ...  2  2  0]
 ...
 [ 3  5  2 ... 10  2  0]
 [ 2  2  2 ...  2 10  0]
 [ 0  0  0 ...  0  0 10]]
(1000, 1000)
10

imagenet_VGG_14
[[10  3  6 ...  3  2  0]
 [ 3 10  3 ...  4  4  0]
 [ 6  3 10 ...  3  2  0]
 ...
 [ 3  4  3 ... 10  4  0]
 [ 2  4  2 ...  4 10  0]
 [ 0  0  0 ...  0  0 10]]
(1000, 1000)
10

imagenet_VGG_15
[[10  3  5 ...  3  2  0]
 [ 3 10  3 ...  4  2  0]
 [ 5  3 10 ...  3  2  0]
 ...
 [ 3  4  3 ... 10  2  0]
 [ 2  2  2 ...  2 10  0]
 [ 0  0  0 ...  0  0 10]]
(1000, 1000)
10

imagenet_VGG_16
[[10  4  4 ...  3  2  0]
 [ 4 10  4 ...  5  2  0]
 [ 4  4 10 ...  3  2  0]
 ...
 [ 3  5  3 ... 10  2  0]
 [ 2  2  2 ...  2 10  0]
 [ 0  0  0 ...  0  0 10]]
(1000, 1000)
10

imagenet_VGG_17
[[10  4  6 ...  3  3  0]
 [ 4 10  4 ...  3  3  0]
 [ 6  4 10 ...  2  2  0]
 ...
 [ 3  3  2 ... 10  4  0]
 [ 3  3  2 ...  4 10  0]
 [ 0  0  0 ...  0  0 10]]
(1000, 1000)
10

imagenet_VGG_24
[[10  6  5 ...  3  2  0]
 [ 6 10  5 ...  3  2  0]
 [ 5  5 10 ...  2  2  0]
 ...
 [ 3  3  2 ... 10  2  0]
 [ 2  2  2 ...  2 10  0]
 [ 0  0  0 ...  0  0 10]]
(1000, 1000)
10

imagenet_VGG_25
[[10  4  6 ...  3  2  0]
 [ 4 10  4 ...  5  2  0]
 [ 6  4 10 ...  3  2  0]
 ...
 [ 3  5  3 ... 10  2  0]
 [ 2  2  2 ...  2 10  0]
 [ 0  0  0 ...  0  0 10]]
(1000, 1000)
10

imagenet_VGG_26
[[10  6  5 ...  3  2  0]
 [ 6 10  4 ...  3  2  0]
 [ 5  4 10 ...  2  2  0]
 ...
 [ 3  3  2 ... 10  5  0]
 [ 2  2  2 ...  5 10  0]
 [ 0  0  0 ...  0  0 10]]
(1000, 1000)
10

imagenet_VisionTransformer_7
[[10  4  5 ...  4  1  0]
 [ 4 10  4 ...  4  1  0]
 [ 5  4 10 ...  4  1  0]
 ...
 [ 4  4  4 ... 10  1  0]
 [ 1  1  1 ...  1 10  0]
 [ 0  0  0 ...  0  0 10]]
(1000, 1000)
10

imagenet_VisionTransformer_8
[[10  5  6 ...  3  2  0]
 [ 5 10  5 ...  3  2  0]
 [ 6  5 10 ...  3  2  0]
 ...
 [ 3  3  3 ... 10  2  0]
 [ 2  2  2 ...  2 10  0]
 [ 0  0  0 ...  0  0 10]]
(1000, 1000)
10

imagenet_a_AlexNet_10
[[8 1 1 ... 3 2 2]
 [1 8 6 ... 1 0 0]
 [1 6 8 ... 1 0 0]
 ...
 [3 1 1 ... 8 2 2]
 [2 0 0 ... 2 8 4]
 [2 0 0 ... 2 4 8]]
(200, 200)
8

imagenet_a_ConvNeXt_12
[[8 1 1 ... 2 2 2]
 [1 8 7 ... 1 1 1]
 [1 7 8 ... 1 1 1]
 ...
 [2 1 1 ... 8 2 5]
 [2 1 1 ... 2 8 2]
 [2 1 1 ... 5 2 8]]
(200, 200)
8

imagenet_a_DenseNet_2
[[8 1 1 ... 3 2 2]
 [1 8 7 ... 1 1 1]
 [1 7 8 ... 1 1 1]
 ...
 [3 1 1 ... 8 2 2]
 [2 1 1 ... 2 8 2]
 [2 1 1 ... 2 2 8]]
(200, 200)
8

imagenet_a_DenseNet_27
[[8 1 1 ... 1 2 2]
 [1 8 7 ... 4 0 1]
 [1 7 8 ... 4 0 1]
 ...
 [1 4 4 ... 8 0 1]
 [2 0 0 ... 0 8 2]
 [2 1 1 ... 1 2 8]]
(200, 200)
8

imagenet_a_DenseNet_28
[[8 1 1 ... 2 2 2]
 [1 8 4 ... 4 1 1]
 [1 4 8 ... 4 1 1]
 ...
 [2 4 4 ... 8 2 2]
 [2 1 1 ... 2 8 4]
 [2 1 1 ... 2 4 8]]
(200, 200)
8

imagenet_a_DenseNet_29
[[8 1 1 ... 3 2 2]
 [1 8 7 ... 1 0 1]
 [1 7 8 ... 1 0 1]
 ...
 [3 1 1 ... 8 2 2]
 [2 0 0 ... 2 8 2]
 [2 1 1 ... 2 2 8]]
(200, 200)
8

imagenet_a_EfficientNet_1
[[8 1 1 ... 3 2 3]
 [1 8 7 ... 1 1 0]
 [1 7 8 ... 1 1 0]
 ...
 [3 1 1 ... 8 2 4]
 [2 1 1 ... 2 8 2]
 [3 0 0 ... 4 2 8]]
(200, 200)
8

imagenet_a_GoogLeNet_21
[[8 1 1 ... 2 0 0]
 [1 8 7 ... 4 0 0]
 [1 7 8 ... 4 0 0]
 ...
 [2 4 4 ... 8 0 0]
 [0 0 0 ... 0 8 4]
 [0 0 0 ... 0 4 8]]
(200, 200)
8

imagenet_a_Inception3_6
[[8 1 1 ... 3 2 2]
 [1 8 7 ... 1 1 1]
 [1 7 8 ... 1 1 1]
 ...
 [3 1 1 ... 8 2 2]
 [2 1 1 ... 2 8 3]
 [2 1 1 ... 2 3 8]]
(200, 200)
8

imagenet_a_MNASNet_18
[[8 1 1 ... 1 0 0]
 [1 8 7 ... 4 0 0]
 [1 7 8 ... 4 0 0]
 ...
 [1 4 4 ... 8 0 0]
 [0 0 0 ... 0 8 4]
 [0 0 0 ... 0 4 8]]
(200, 200)
8

imagenet_a_MNASNet_19
[[8 1 1 ... 1 2 2]
 [1 8 6 ... 3 1 0]
 [1 6 8 ... 3 1 0]
 ...
 [1 3 3 ... 8 1 0]
 [2 1 1 ... 1 8 4]
 [2 0 0 ... 0 4 8]]
(200, 200)
8

imagenet_a_MNASNet_20
[[8 1 1 ... 3 2 2]
 [1 8 7 ... 1 1 1]
 [1 7 8 ... 1 1 1]
 ...
 [3 1 1 ... 8 2 2]
 [2 1 1 ... 2 8 3]
 [2 1 1 ... 2 3 8]]
(200, 200)
8

imagenet_a_MNASNet_3
[[8 1 1 ... 3 2 0]
 [1 8 7 ... 4 1 0]
 [1 7 8 ... 4 1 0]
 ...
 [3 4 4 ... 8 1 0]
 [2 1 1 ... 1 8 4]
 [0 0 0 ... 0 4 8]]
(200, 200)
8

imagenet_a_MobileNetV3_30
[[8 1 1 ... 3 2 2]
 [1 8 7 ... 1 1 0]
 [1 7 8 ... 1 1 0]
 ...
 [3 1 1 ... 8 2 2]
 [2 1 1 ... 2 8 5]
 [2 0 0 ... 2 5 8]]
(200, 200)
8

imagenet_a_MobileNetV3_31
[[8 1 1 ... 3 2 0]
 [1 8 6 ... 1 1 0]
 [1 6 8 ... 1 1 0]
 ...
 [3 1 1 ... 8 2 0]
 [2 1 1 ... 2 8 4]
 [0 0 0 ... 0 4 8]]
(200, 200)
8

imagenet_a_RN101
[[8 1 1 ... 2 0 2]
 [1 8 5 ... 1 0 1]
 [1 5 8 ... 1 0 1]
 ...
 [2 1 1 ... 8 0 4]
 [0 0 0 ... 0 8 0]
 [2 1 1 ... 4 0 8]]
(200, 200)
8

imagenet_a_RN50
[[8 1 1 ... 2 0 2]
 [1 8 7 ... 1 0 1]
 [1 7 8 ... 1 0 1]
 ...
 [2 1 1 ... 8 0 4]
 [0 0 0 ... 0 8 0]
 [2 1 1 ... 4 0 8]]
(200, 200)
8

imagenet_a_RN50x4
[[8 1 1 ... 2 0 2]
 [1 8 6 ... 1 0 1]
 [1 6 8 ... 1 0 1]
 ...
 [2 1 1 ... 8 5 4]
 [0 0 0 ... 5 8 0]
 [2 1 1 ... 4 0 8]]
(200, 200)
8

imagenet_a_RegNet_4
[[8 1 1 ... 2 2 2]
 [1 8 7 ... 4 1 1]
 [1 7 8 ... 4 1 1]
 ...
 [2 4 4 ... 8 2 2]
 [2 1 1 ... 2 8 4]
 [2 1 1 ... 2 4 8]]
(200, 200)
8

imagenet_a_ResNet_0
[[8 0 0 ... 3 1 2]
 [0 8 7 ... 0 0 0]
 [0 7 8 ... 0 0 0]
 ...
 [3 0 0 ... 8 1 2]
 [1 0 0 ... 1 8 4]
 [2 0 0 ... 2 4 8]]
(200, 200)
8

imagenet_a_ResNet_11
[[8 1 1 ... 2 2 2]
 [1 8 7 ... 3 1 1]
 [1 7 8 ... 3 1 1]
 ...
 [2 3 3 ... 8 2 2]
 [2 1 1 ... 2 8 4]
 [2 1 1 ... 2 4 8]]
(200, 200)
8

imagenet_a_ResNet_12
[[8 1 1 ... 3 2 2]
 [1 8 7 ... 1 1 1]
 [1 7 8 ... 1 1 1]
 ...
 [3 1 1 ... 8 2 2]
 [2 1 1 ... 2 8 5]
 [2 1 1 ... 2 5 8]]
(200, 200)
8

imagenet_a_ResNet_13
[[8 1 1 ... 3 2 2]
 [1 8 6 ... 1 0 1]
 [1 6 8 ... 1 0 1]
 ...
 [3 1 1 ... 8 2 2]
 [2 0 0 ... 2 8 4]
 [2 1 1 ... 2 4 8]]
(200, 200)
8

imagenet_a_ResNet_5
[[8 1 1 ... 3 2 2]
 [1 8 7 ... 1 1 1]
 [1 7 8 ... 1 1 1]
 ...
 [3 1 1 ... 8 2 2]
 [2 1 1 ... 2 8 4]
 [2 1 1 ... 2 4 8]]
(200, 200)
8

imagenet_a_ResNet_6
[[8 0 0 ... 3 1 2]
 [0 8 6 ... 1 0 0]
 [0 6 8 ... 1 0 0]
 ...
 [3 1 1 ... 8 0 2]
 [1 0 0 ... 0 8 5]
 [2 0 0 ... 2 5 8]]
(200, 200)
8

imagenet_a_ShuffleNetV2_9
[[8 0 0 ... 3 2 1]
 [0 8 6 ... 0 0 0]
 [0 6 8 ... 0 0 0]
 ...
 [3 0 0 ... 8 2 1]
 [2 0 0 ... 2 8 4]
 [1 0 0 ... 1 4 8]]
(200, 200)
8

imagenet_a_SqueezeNet_22
[[8 1 1 ... 2 2 2]
 [1 8 7 ... 1 1 1]
 [1 7 8 ... 1 1 1]
 ...
 [2 1 1 ... 8 3 3]
 [2 1 1 ... 3 8 5]
 [2 1 1 ... 3 5 8]]
(200, 200)
8

imagenet_a_SqueezeNet_23
[[8 1 1 ... 3 2 2]
 [1 8 7 ... 1 1 1]
 [1 7 8 ... 1 1 1]
 ...
 [3 1 1 ... 8 2 2]
 [2 1 1 ... 2 8 4]
 [2 1 1 ... 2 4 8]]
(200, 200)
8

imagenet_a_SwinTransformer_5
[[8 1 1 ... 3 1 3]
 [1 8 7 ... 1 1 1]
 [1 7 8 ... 1 1 1]
 ...
 [3 1 1 ... 8 1 4]
 [1 1 1 ... 1 8 1]
 [3 1 1 ... 4 1 8]]
(200, 200)
8

imagenet_a_VGG_10
[[8 1 1 ... 3 2 2]
 [1 8 7 ... 1 1 1]
 [1 7 8 ... 1 1 1]
 ...
 [3 1 1 ... 8 2 2]
 [2 1 1 ... 2 8 3]
 [2 1 1 ... 2 3 8]]
(200, 200)
8

imagenet_a_VGG_14
[[8 1 1 ... 1 2 2]
 [1 8 6 ... 4 0 1]
 [1 6 8 ... 3 0 1]
 ...
 [1 4 3 ... 8 0 1]
 [2 0 0 ... 0 8 2]
 [2 1 1 ... 1 2 8]]
(200, 200)
8

imagenet_a_VGG_15
[[8 1 1 ... 2 2 2]
 [1 8 7 ... 1 1 1]
 [1 7 8 ... 1 1 1]
 ...
 [2 1 1 ... 8 2 3]
 [2 1 1 ... 2 8 2]
 [2 1 1 ... 3 2 8]]
(200, 200)
8

imagenet_a_VGG_16
[[8 1 1 ... 2 2 2]
 [1 8 6 ... 3 0 1]
 [1 6 8 ... 3 0 1]
 ...
 [2 3 3 ... 8 2 2]
 [2 0 0 ... 2 8 3]
 [2 1 1 ... 2 3 8]]
(200, 200)
8

imagenet_a_VGG_17
[[8 1 1 ... 2 2 2]
 [1 8 5 ... 1 0 1]
 [1 5 8 ... 1 0 1]
 ...
 [2 1 1 ... 8 2 3]
 [2 0 0 ... 2 8 5]
 [2 1 1 ... 3 5 8]]
(200, 200)
8

imagenet_a_VGG_24
[[8 1 1 ... 3 2 2]
 [1 8 6 ... 4 1 1]
 [1 6 8 ... 4 1 1]
 ...
 [3 4 4 ... 8 2 2]
 [2 1 1 ... 2 8 3]
 [2 1 1 ... 2 3 8]]
(200, 200)
8

imagenet_a_VGG_25
[[8 1 1 ... 3 2 3]
 [1 8 5 ... 1 1 1]
 [1 5 8 ... 1 1 1]
 ...
 [3 1 1 ... 8 2 3]
 [2 1 1 ... 2 8 2]
 [3 1 1 ... 3 2 8]]
(200, 200)
8

imagenet_a_VGG_26
[[8 1 1 ... 2 2 2]
 [1 8 6 ... 1 1 1]
 [1 6 8 ... 1 1 1]
 ...
 [2 1 1 ... 8 2 3]
 [2 1 1 ... 2 8 5]
 [2 1 1 ... 3 5 8]]
(200, 200)
8

imagenet_a_VisionTransformer_7
[[8 1 1 ... 3 0 2]
 [1 8 7 ... 1 0 0]
 [1 7 8 ... 1 0 0]
 ...
 [3 1 1 ... 8 0 4]
 [0 0 0 ... 0 8 3]
 [2 0 0 ... 4 3 8]]
(200, 200)
8

imagenet_a_VisionTransformer_8
[[8 1 1 ... 2 1 2]
 [1 8 7 ... 1 1 0]
 [1 7 8 ... 1 1 0]
 ...
 [2 1 1 ... 8 1 2]
 [1 1 1 ... 1 8 5]
 [2 0 0 ... 2 5 8]]
(200, 200)
8

imagenet_a_albef_feature_extractor
[[8 1 1 ... 0 0 3]
 [1 8 7 ... 0 0 1]
 [1 7 8 ... 0 0 1]
 ...
 [0 0 0 ... 8 3 0]
 [0 0 0 ... 3 8 0]
 [3 1 1 ... 0 0 8]]
(200, 200)
8

imagenet_a_blip_feature_extractor
[[8 1 1 ... 2 2 3]
 [1 8 7 ... 1 1 1]
 [1 7 8 ... 1 1 1]
 ...
 [2 1 1 ... 8 5 5]
 [2 1 1 ... 5 8 7]
 [3 1 1 ... 5 7 8]]
(200, 200)
8

imagenet_a_vitb16
[[8 1 1 ... 1 0 2]
 [1 8 6 ... 1 0 1]
 [1 6 8 ... 1 0 1]
 ...
 [1 1 1 ... 8 3 5]
 [0 0 0 ... 3 8 0]
 [2 1 1 ... 5 0 8]]
(200, 200)
8

imagenet_a_vitb32
[[8 1 1 ... 0 0 2]
 [1 8 7 ... 0 0 1]
 [1 7 8 ... 0 0 1]
 ...
 [0 0 0 ... 8 5 5]
 [0 0 0 ... 5 8 5]
 [2 1 1 ... 5 5 8]]
(200, 200)
8

imagenet_a_vitl14
[[8 0 0 ... 2 2 1]
 [0 8 6 ... 0 0 0]
 [0 6 8 ... 0 0 0]
 ...
 [2 0 0 ... 8 2 3]
 [2 0 0 ... 2 8 1]
 [1 0 0 ... 3 1 8]]
(200, 200)
8

imagenet_a_vitl14_336
[[8 0 0 ... 2 2 0]
 [0 8 4 ... 0 0 1]
 [0 4 8 ... 0 0 1]
 ...
 [2 0 0 ... 8 3 4]
 [2 0 0 ... 3 8 3]
 [0 1 1 ... 4 3 8]]
(200, 200)
8

imagenet_albef_feature_extractor
[[10  8  5 ...  3  1  1]
 [ 8 10  5 ...  3  1  1]
 [ 5  5 10 ...  3  0  0]
 ...
 [ 3  3  3 ... 10  0  0]
 [ 1  1  0 ...  0 10  2]
 [ 1  1  0 ...  0  2 10]]
(1000, 1000)
10

imagenet_blip_feature_extractor
[[10  5  6 ...  4  3  0]
 [ 5 10  5 ...  4  3  1]
 [ 6  5 10 ...  4  3  1]
 ...
 [ 4  4  4 ... 10  3  0]
 [ 3  3  3 ...  3 10  2]
 [ 0  1  1 ...  0  2 10]]
(1000, 1000)
10

imagenet_r_AlexNet_10
[[8 2 2 ... 1 1 4]
 [2 8 7 ... 1 5 2]
 [2 7 8 ... 1 5 2]
 ...
 [1 1 1 ... 8 6 1]
 [1 5 5 ... 6 8 1]
 [4 2 2 ... 1 1 8]]
(200, 200)
8

imagenet_r_ConvNeXt_12
[[8 4 4 ... 1 1 2]
 [4 8 7 ... 1 1 2]
 [4 7 8 ... 1 1 2]
 ...
 [1 1 1 ... 8 5 1]
 [1 1 1 ... 5 8 1]
 [2 2 2 ... 1 1 8]]
(200, 200)
8

imagenet_r_DenseNet_2
[[8 2 2 ... 1 1 4]
 [2 8 7 ... 1 1 2]
 [2 7 8 ... 1 1 2]
 ...
 [1 1 1 ... 8 4 1]
 [1 1 1 ... 4 8 1]
 [4 2 2 ... 1 1 8]]
(200, 200)
8

imagenet_r_DenseNet_27
[[8 2 2 ... 0 0 3]
 [2 8 7 ... 0 0 2]
 [2 7 8 ... 0 0 2]
 ...
 [0 0 0 ... 8 6 0]
 [0 0 0 ... 6 8 0]
 [3 2 2 ... 0 0 8]]
(200, 200)
8

imagenet_r_DenseNet_28
[[8 2 2 ... 1 1 5]
 [2 8 7 ... 1 1 2]
 [2 7 8 ... 1 1 2]
 ...
 [1 1 1 ... 8 5 1]
 [1 1 1 ... 5 8 1]
 [5 2 2 ... 1 1 8]]
(200, 200)
8

imagenet_r_DenseNet_29
[[8 2 2 ... 0 0 5]
 [2 8 7 ... 0 0 2]
 [2 7 8 ... 0 0 2]
 ...
 [0 0 0 ... 8 6 0]
 [0 0 0 ... 6 8 0]
 [5 2 2 ... 0 0 8]]
(200, 200)
8

imagenet_r_EfficientNet_1
[[8 2 2 ... 1 1 3]
 [2 8 7 ... 1 1 2]
 [2 7 8 ... 1 1 2]
 ...
 [1 1 1 ... 8 5 1]
 [1 1 1 ... 5 8 1]
 [3 2 2 ... 1 1 8]]
(200, 200)
8

imagenet_r_GoogLeNet_21
[[8 1 1 ... 0 1 6]
 [1 8 7 ... 2 2 1]
 [1 7 8 ... 2 2 1]
 ...
 [0 2 2 ... 8 6 0]
 [1 2 2 ... 6 8 1]
 [6 1 1 ... 0 1 8]]
(200, 200)
8

imagenet_r_Inception3_6
[[8 2 2 ... 1 1 5]
 [2 8 7 ... 1 1 2]
 [2 7 8 ... 1 1 2]
 ...
 [1 1 1 ... 8 7 1]
 [1 1 1 ... 7 8 1]
 [5 2 2 ... 1 1 8]]
(200, 200)
8

imagenet_r_MNASNet_18
[[8 1 1 ... 0 0 5]
 [1 8 7 ... 2 3 1]
 [1 7 8 ... 2 3 1]
 ...
 [0 2 2 ... 8 6 0]
 [0 3 3 ... 6 8 0]
 [5 1 1 ... 0 0 8]]
(200, 200)
8

imagenet_r_MNASNet_19
[[8 2 2 ... 0 0 4]
 [2 8 7 ... 0 4 2]
 [2 7 8 ... 0 4 2]
 ...
 [0 0 0 ... 8 6 0]
 [0 4 4 ... 6 8 0]
 [4 2 2 ... 0 0 8]]
(200, 200)
8

imagenet_r_MNASNet_20
[[8 2 2 ... 1 1 4]
 [2 8 7 ... 1 1 2]
 [2 7 8 ... 1 1 2]
 ...
 [1 1 1 ... 8 6 1]
 [1 1 1 ... 6 8 1]
 [4 2 2 ... 1 1 8]]
(200, 200)
8

imagenet_r_MNASNet_3
[[8 2 2 ... 1 1 4]
 [2 8 7 ... 1 5 2]
 [2 7 8 ... 1 5 2]
 ...
 [1 1 1 ... 8 6 1]
 [1 5 5 ... 6 8 1]
 [4 2 2 ... 1 1 8]]
(200, 200)
8

imagenet_r_MobileNetV3_30
[[8 2 2 ... 1 1 5]
 [2 8 7 ... 1 1 1]
 [2 7 8 ... 1 1 1]
 ...
 [1 1 1 ... 8 5 2]
 [1 1 1 ... 5 8 2]
 [5 1 1 ... 2 2 8]]
(200, 200)
8

imagenet_r_MobileNetV3_31
[[8 1 1 ... 1 1 5]
 [1 8 7 ... 2 6 1]
 [1 7 8 ... 2 6 1]
 ...
 [1 2 2 ... 8 5 1]
 [1 6 6 ... 5 8 1]
 [5 1 1 ... 1 1 8]]
(200, 200)
8

imagenet_r_RN101
[[8 4 4 ... 1 4 1]
 [4 8 7 ... 1 4 1]
 [4 7 8 ... 1 4 1]
 ...
 [1 1 1 ... 8 1 2]
 [4 4 4 ... 1 8 1]
 [1 1 1 ... 2 1 8]]
(200, 200)
8

imagenet_r_RN50
[[8 4 4 ... 1 4 1]
 [4 8 7 ... 1 4 1]
 [4 7 8 ... 1 4 1]
 ...
 [1 1 1 ... 8 5 2]
 [4 4 4 ... 5 8 1]
 [1 1 1 ... 2 1 8]]
(200, 200)
8

imagenet_r_RN50x4
[[8 3 3 ... 2 4 2]
 [3 8 7 ... 2 3 2]
 [3 7 8 ... 2 3 2]
 ...
 [2 2 2 ... 8 2 2]
 [4 3 3 ... 2 8 2]
 [2 2 2 ... 2 2 8]]
(200, 200)
8

imagenet_r_RegNet_4
[[8 1 1 ... 1 1 3]
 [1 8 7 ... 1 6 1]
 [1 7 8 ... 2 6 1]
 ...
 [1 1 2 ... 8 4 1]
 [1 6 6 ... 4 8 1]
 [3 1 1 ... 1 1 8]]
(200, 200)
8

imagenet_r_ResNet_0
[[8 1 1 ... 0 0 6]
 [1 8 7 ... 3 4 1]
 [1 7 8 ... 3 4 1]
 ...
 [0 3 3 ... 8 6 0]
 [0 4 4 ... 6 8 0]
 [6 1 1 ... 0 0 8]]
(200, 200)
8

imagenet_r_ResNet_11
[[8 2 2 ... 1 1 6]
 [2 8 7 ... 1 4 2]
 [2 7 8 ... 1 4 2]
 ...
 [1 1 1 ... 8 3 1]
 [1 4 4 ... 3 8 1]
 [6 2 2 ... 1 1 8]]
(200, 200)
8

imagenet_r_ResNet_12
[[8 2 2 ... 0 0 5]
 [2 8 7 ... 0 0 2]
 [2 7 8 ... 0 0 2]
 ...
 [0 0 0 ... 8 6 0]
 [0 0 0 ... 6 8 0]
 [5 2 2 ... 0 0 8]]
(200, 200)
8

imagenet_r_ResNet_13
[[8 2 2 ... 0 0 5]
 [2 8 7 ... 0 0 2]
 [2 7 8 ... 0 0 2]
 ...
 [0 0 0 ... 8 5 0]
 [0 0 0 ... 5 8 0]
 [5 2 2 ... 0 0 8]]
(200, 200)
8

imagenet_r_ResNet_5
[[8 2 2 ... 1 1 5]
 [2 8 7 ... 1 6 2]
 [2 7 8 ... 1 6 2]
 ...
 [1 1 1 ... 8 4 1]
 [1 6 6 ... 4 8 1]
 [5 2 2 ... 1 1 8]]
(200, 200)
8

imagenet_r_ResNet_6
[[8 1 1 ... 1 1 5]
 [1 8 7 ... 2 5 1]
 [1 7 8 ... 2 5 1]
 ...
 [1 2 2 ... 8 4 1]
 [1 5 5 ... 4 8 1]
 [5 1 1 ... 1 1 8]]
(200, 200)
8

imagenet_r_ShuffleNetV2_9
[[8 2 2 ... 0 1 5]
 [2 8 7 ... 0 1 2]
 [2 7 8 ... 0 1 2]
 ...
 [0 0 0 ... 8 4 0]
 [1 1 1 ... 4 8 1]
 [5 2 2 ... 0 1 8]]
(200, 200)
8

imagenet_r_SqueezeNet_22
[[8 0 1 ... 1 1 3]
 [0 8 7 ... 0 3 0]
 [1 7 8 ... 1 3 1]
 ...
 [1 0 1 ... 8 6 1]
 [1 3 3 ... 6 8 1]
 [3 0 1 ... 1 1 8]]
(200, 200)
8

imagenet_r_SqueezeNet_23
[[8 0 1 ... 1 1 4]
 [0 8 7 ... 0 4 0]
 [1 7 8 ... 1 4 1]
 ...
 [1 0 1 ... 8 6 1]
 [1 4 4 ... 6 8 1]
 [4 0 1 ... 1 1 8]]
(200, 200)
8

imagenet_r_SwinTransformer_5
[[8 2 2 ... 1 1 4]
 [2 8 7 ... 1 1 2]
 [2 7 8 ... 1 1 2]
 ...
 [1 1 1 ... 8 6 1]
 [1 1 1 ... 6 8 1]
 [4 2 2 ... 1 1 8]]
(200, 200)
8

imagenet_r_VGG_10
[[8 2 2 ... 1 1 5]
 [2 8 7 ... 1 1 2]
 [2 7 8 ... 1 1 2]
 ...
 [1 1 1 ... 8 6 1]
 [1 1 1 ... 6 8 1]
 [5 2 2 ... 1 1 8]]
(200, 200)
8

imagenet_r_VGG_14
[[8 2 2 ... 1 1 4]
 [2 8 7 ... 1 1 1]
 [2 7 8 ... 1 1 1]
 ...
 [1 1 1 ... 8 4 2]
 [1 1 1 ... 4 8 2]
 [4 1 1 ... 2 2 8]]
(200, 200)
8

imagenet_r_VGG_15
[[8 1 1 ... 2 2 5]
 [1 8 7 ... 1 1 1]
 [1 7 8 ... 1 1 1]
 ...
 [2 1 1 ... 8 5 2]
 [2 1 1 ... 5 8 2]
 [5 1 1 ... 2 2 8]]
(200, 200)
8

imagenet_r_VGG_16
[[8 2 2 ... 1 1 6]
 [2 8 7 ... 1 1 2]
 [2 7 8 ... 1 1 2]
 ...
 [1 1 1 ... 8 5 1]
 [1 1 1 ... 5 8 1]
 [6 2 2 ... 1 1 8]]
(200, 200)
8

imagenet_r_VGG_17
[[8 2 2 ... 1 1 5]
 [2 8 7 ... 1 1 1]
 [2 7 8 ... 1 1 1]
 ...
 [1 1 1 ... 8 4 2]
 [1 1 1 ... 4 8 2]
 [5 1 1 ... 2 2 8]]
(200, 200)
8

imagenet_r_VGG_24
[[8 2 2 ... 1 1 4]
 [2 8 7 ... 1 1 1]
 [2 7 8 ... 1 1 1]
 ...
 [1 1 1 ... 8 6 2]
 [1 1 1 ... 6 8 2]
 [4 1 1 ... 2 2 8]]
(200, 200)
8

imagenet_r_VGG_25
[[8 2 2 ... 1 1 5]
 [2 8 7 ... 1 1 1]
 [2 7 8 ... 1 1 1]
 ...
 [1 1 1 ... 8 6 2]
 [1 1 1 ... 6 8 2]
 [5 1 1 ... 2 2 8]]
(200, 200)
8

imagenet_r_VGG_26
[[8 2 2 ... 1 1 5]
 [2 8 7 ... 1 1 2]
 [2 7 8 ... 1 1 2]
 ...
 [1 1 1 ... 8 5 1]
 [1 1 1 ... 5 8 1]
 [5 2 2 ... 1 1 8]]
(200, 200)
8

imagenet_r_VisionTransformer_7
[[8 1 1 ... 1 1 5]
 [1 8 7 ... 2 6 1]
 [1 7 8 ... 2 6 1]
 ...
 [1 2 2 ... 8 4 1]
 [1 6 6 ... 4 8 1]
 [5 1 1 ... 1 1 8]]
(200, 200)
8

imagenet_r_VisionTransformer_8
[[8 2 2 ... 1 1 6]
 [2 8 7 ... 1 6 2]
 [2 7 8 ... 1 6 2]
 ...
 [1 1 1 ... 8 4 1]
 [1 6 6 ... 4 8 1]
 [6 2 2 ... 1 1 8]]
(200, 200)
8

imagenet_r_albef_feature_extractor
[[8 4 4 ... 2 4 2]
 [4 8 7 ... 2 4 2]
 [4 7 8 ... 1 4 1]
 ...
 [2 2 1 ... 8 2 2]
 [4 4 4 ... 2 8 2]
 [2 2 1 ... 2 2 8]]
(200, 200)
8

imagenet_r_blip_feature_extractor
[[8 4 4 ... 1 4 2]
 [4 8 7 ... 1 4 2]
 [4 7 8 ... 1 4 2]
 ...
 [1 1 1 ... 8 6 1]
 [4 4 4 ... 6 8 2]
 [2 2 2 ... 1 2 8]]
(200, 200)
8

imagenet_r_vitb16
[[8 3 3 ... 2 5 2]
 [3 8 7 ... 2 4 2]
 [3 7 8 ... 2 4 2]
 ...
 [2 2 2 ... 8 2 3]
 [5 4 4 ... 2 8 2]
 [2 2 2 ... 3 2 8]]
(200, 200)
8

imagenet_r_vitb32
[[8 3 3 ... 1 4 1]
 [3 8 7 ... 1 3 1]
 [3 7 8 ... 1 3 1]
 ...
 [1 1 1 ... 8 1 2]
 [4 3 3 ... 1 8 1]
 [1 1 1 ... 2 1 8]]
(200, 200)
8

imagenet_r_vitl14
[[8 4 4 ... 2 4 2]
 [4 8 7 ... 2 4 2]
 [4 7 8 ... 2 4 2]
 ...
 [2 2 2 ... 8 2 2]
 [4 4 4 ... 2 8 2]
 [2 2 2 ... 2 2 8]]
(200, 200)
8

imagenet_r_vitl14_336
[[8 4 4 ... 2 4 2]
 [4 8 7 ... 2 4 2]
 [4 7 8 ... 2 4 2]
 ...
 [2 2 2 ... 8 2 2]
 [4 4 4 ... 2 8 2]
 [2 2 2 ... 2 2 8]]
(200, 200)
8

imagenet_sketch_AlexNet_10
[[10  7  5 ...  3  2  1]
 [ 7 10  2 ...  5  2  1]
 [ 5  2 10 ...  2  2  1]
 ...
 [ 3  5  2 ... 10  2  1]
 [ 2  2  2 ...  2 10  1]
 [ 1  1  1 ...  1  1 10]]
(1000, 1000)
10

imagenet_sketch_ConvNeXt_12
[[10  3  6 ...  3  3  0]
 [ 3 10  4 ...  5  6  0]
 [ 6  4 10 ...  4  4  1]
 ...
 [ 3  5  4 ... 10  8  1]
 [ 3  6  4 ...  8 10  1]
 [ 0  0  1 ...  1  1 10]]
(1000, 1000)
10

imagenet_sketch_DenseNet_2
[[10  2  6 ...  2  2  0]
 [ 2 10  2 ...  5  6  1]
 [ 6  2 10 ...  2  2  1]
 ...
 [ 2  5  2 ... 10  5  1]
 [ 2  6  2 ...  5 10  1]
 [ 0  1  1 ...  1  1 10]]
(1000, 1000)
10

imagenet_sketch_DenseNet_27
[[10  2  7 ...  2  2  0]
 [ 2 10  2 ...  4  7  0]
 [ 7  2 10 ...  2  2  0]
 ...
 [ 2  4  2 ... 10  4  0]
 [ 2  7  2 ...  4 10  1]
 [ 0  0  0 ...  0  1 10]]
(1000, 1000)
10

imagenet_sketch_DenseNet_28
[[10  4  7 ...  2  2  0]
 [ 4 10  4 ...  5  5  1]
 [ 7  4 10 ...  3  3  1]
 ...
 [ 2  5  3 ... 10  6  1]
 [ 2  5  3 ...  6 10  1]
 [ 0  1  1 ...  1  1 10]]
(1000, 1000)
10

imagenet_sketch_DenseNet_29
[[10  2  7 ...  2  2  0]
 [ 2 10  2 ...  6  7  1]
 [ 7  2 10 ...  2  2  1]
 ...
 [ 2  6  2 ... 10  6  1]
 [ 2  7  2 ...  6 10  1]
 [ 0  1  1 ...  1  1 10]]
(1000, 1000)
10

imagenet_sketch_EfficientNet_1
[[10  3  6 ...  3  3  0]
 [ 3 10  3 ...  5  5  0]
 [ 6  3 10 ...  3  3  0]
 ...
 [ 3  5  3 ... 10  6  0]
 [ 3  5  3 ...  6 10  0]
 [ 0  0  0 ...  0  0 10]]
(1000, 1000)
10

imagenet_sketch_GoogLeNet_21
[[10  2  6 ...  2  2  0]
 [ 2 10  3 ...  5  5  0]
 [ 6  3 10 ...  3  3  0]
 ...
 [ 2  5  3 ... 10  5  0]
 [ 2  5  3 ...  5 10  1]
 [ 0  0  0 ...  0  1 10]]
(1000, 1000)
10

imagenet_sketch_Inception3_6
[[10  4  7 ...  4  3  0]
 [ 4 10  4 ...  5  8  1]
 [ 7  4 10 ...  4  3  1]
 ...
 [ 4  5  4 ... 10  5  1]
 [ 3  8  3 ...  5 10  1]
 [ 0  1  1 ...  1  1 10]]
(1000, 1000)
10

imagenet_sketch_MNASNet_18
[[10  2  6 ...  2  2  0]
 [ 2 10  2 ...  6  5  0]
 [ 6  2 10 ...  2  2  0]
 ...
 [ 2  6  2 ... 10  5  0]
 [ 2  5  2 ...  5 10  0]
 [ 0  0  0 ...  0  0 10]]
(1000, 1000)
10

imagenet_sketch_MNASNet_19
[[10  7  6 ...  7  3  0]
 [ 7 10  4 ...  7  5  0]
 [ 6  4 10 ...  4  3  0]
 ...
 [ 7  7  4 ... 10  5  0]
 [ 3  5  3 ...  5 10  1]
 [ 0  0  0 ...  0  1 10]]
(1000, 1000)
10

imagenet_sketch_MNASNet_20
[[10  2  6 ...  2  2  0]
 [ 2 10  2 ...  6  5  1]
 [ 6  2 10 ...  2  2  1]
 ...
 [ 2  6  2 ... 10  7  1]
 [ 2  5  2 ...  7 10  1]
 [ 0  1  1 ...  1  1 10]]
(1000, 1000)
10

imagenet_sketch_MNASNet_3
[[10  4  6 ...  4  4  0]
 [ 4 10  4 ...  6  6  0]
 [ 6  4 10 ...  4  4  1]
 ...
 [ 4  6  4 ... 10  8  0]
 [ 4  6  4 ...  8 10  1]
 [ 0  0  1 ...  0  1 10]]
(1000, 1000)
10

imagenet_sketch_MobileNetV3_30
[[10  3  6 ...  3  3  0]
 [ 3 10  3 ...  5  3  0]
 [ 6  3 10 ...  3  3  1]
 ...
 [ 3  5  3 ... 10  3  1]
 [ 3  3  3 ...  3 10  1]
 [ 0  0  1 ...  1  1 10]]
(1000, 1000)
10

imagenet_sketch_MobileNetV3_31
[[10  5  7 ...  3  3  0]
 [ 5 10  5 ...  6  6  0]
 [ 7  5 10 ...  3  3  0]
 ...
 [ 3  6  3 ... 10  6  0]
 [ 3  6  3 ...  6 10  0]
 [ 0  0  0 ...  0  0 10]]
(1000, 1000)
10

imagenet_sketch_RN101
[[10  7  5 ...  2  3  1]
 [ 7 10  5 ...  2  3  1]
 [ 5  5 10 ...  2  3  1]
 ...
 [ 2  2  2 ... 10  5  3]
 [ 3  3  3 ...  5 10  1]
 [ 1  1  1 ...  3  1 10]]
(1000, 1000)
10

imagenet_sketch_RN50
[[10  6  7 ...  1  2  1]
 [ 6 10  5 ...  1  2  1]
 [ 7  5 10 ...  1  2  1]
 ...
 [ 1  1  1 ... 10  5  2]
 [ 2  2  2 ...  5 10  1]
 [ 1  1  1 ...  2  1 10]]
(1000, 1000)
10

imagenet_sketch_RN50x4
[[10  7  5 ...  2  2  1]
 [ 7 10  5 ...  2  2  1]
 [ 5  5 10 ...  2  2  1]
 ...
 [ 2  2  2 ... 10  5  1]
 [ 2  2  2 ...  5 10  1]
 [ 1  1  1 ...  1  1 10]]
(1000, 1000)
10

imagenet_sketch_RegNet_4
[[10  4  6 ...  4  4  0]
 [ 4 10  4 ...  5  6  0]
 [ 6  4 10 ...  4  4  1]
 ...
 [ 4  5  4 ... 10  5  0]
 [ 4  6  4 ...  5 10  1]
 [ 0  0  1 ...  0  1 10]]
(1000, 1000)
10

imagenet_sketch_ResNet_0
[[10  3  8 ...  3  3  0]
 [ 3 10  3 ...  4  7  0]
 [ 8  3 10 ...  3  3  0]
 ...
 [ 3  4  3 ... 10  5  0]
 [ 3  7  3 ...  5 10  1]
 [ 0  0  0 ...  0  1 10]]
(1000, 1000)
10

imagenet_sketch_ResNet_11
[[10  4  7 ...  5  4  0]
 [ 4 10  3 ...  6  7  1]
 [ 7  3 10 ...  5  3  1]
 ...
 [ 5  6  5 ... 10  4  0]
 [ 4  7  3 ...  4 10  1]
 [ 0  1  1 ...  0  1 10]]
(1000, 1000)
10

imagenet_sketch_ResNet_12
[[10  2  7 ...  2  0  0]
 [ 2 10  2 ...  6  1  1]
 [ 7  2 10 ...  2  1  1]
 ...
 [ 2  6  2 ... 10  1  1]
 [ 0  1  1 ...  1 10  2]
 [ 0  1  1 ...  1  2 10]]
(1000, 1000)
10

imagenet_sketch_ResNet_13
[[10  2  7 ...  2  2  0]
 [ 2 10  2 ...  6  6  1]
 [ 7  2 10 ...  2  2  1]
 ...
 [ 2  6  2 ... 10  6  1]
 [ 2  6  2 ...  6 10  1]
 [ 0  1  1 ...  1  1 10]]
(1000, 1000)
10

imagenet_sketch_ResNet_5
[[10  3  7 ...  4  3  0]
 [ 3 10  3 ...  2  7  1]
 [ 7  3 10 ...  4  3  1]
 ...
 [ 4  2  4 ... 10  6  1]
 [ 3  7  3 ...  6 10  1]
 [ 0  1  1 ...  1  1 10]]
(1000, 1000)
10

imagenet_sketch_ResNet_6
[[10  3  7 ...  3  3  0]
 [ 3 10  4 ...  3  9  1]
 [ 7  4 10 ...  3  4  1]
 ...
 [ 3  3  3 ... 10  3  1]
 [ 3  9  4 ...  3 10  1]
 [ 0  1  1 ...  1  1 10]]
(1000, 1000)
10

imagenet_sketch_ShuffleNetV2_9
[[10  2  7 ...  2  2  0]
 [ 2 10  3 ...  6  7  0]
 [ 7  3 10 ...  3  3  0]
 ...
 [ 2  6  3 ... 10  5  0]
 [ 2  7  3 ...  5 10  0]
 [ 0  0  0 ...  0  0 10]]
(1000, 1000)
10

imagenet_sketch_SqueezeNet_22
[[10  6  7 ...  2  2  0]
 [ 6 10  2 ...  3  2  1]
 [ 7  2 10 ...  2  4  0]
 ...
 [ 2  3  2 ... 10  2  1]
 [ 2  2  4 ...  2 10  1]
 [ 0  1  0 ...  1  1 10]]
(1000, 1000)
10

imagenet_sketch_SqueezeNet_23
[[10  4  7 ...  2  3  0]
 [ 4 10  4 ...  8  2  0]
 [ 7  4 10 ...  2  3  0]
 ...
 [ 2  8  2 ... 10  2  1]
 [ 3  2  3 ...  2 10  0]
 [ 0  0  0 ...  1  0 10]]
(1000, 1000)
10

imagenet_sketch_SwinTransformer_5
[[10  2  6 ...  2  2  0]
 [ 2 10  3 ...  4  5  0]
 [ 6  3 10 ...  3  2  0]
 ...
 [ 2  4  3 ... 10  7  0]
 [ 2  5  2 ...  7 10  1]
 [ 0  0  0 ...  0  1 10]]
(1000, 1000)
10

imagenet_sketch_VGG_10
[[10  4  6 ...  2  2  0]
 [ 4 10  4 ...  8  2  1]
 [ 6  4 10 ...  2  2  1]
 ...
 [ 2  8  2 ... 10  4  1]
 [ 2  2  2 ...  4 10  1]
 [ 0  1  1 ...  1  1 10]]
(1000, 1000)
10

imagenet_sketch_VGG_14
[[10  3  6 ...  3  3  1]
 [ 3 10  3 ...  6  5  1]
 [ 6  3 10 ...  3  3  1]
 ...
 [ 3  6  3 ... 10  5  1]
 [ 3  5  3 ...  5 10  1]
 [ 1  1  1 ...  1  1 10]]
(1000, 1000)
10

imagenet_sketch_VGG_15
[[10  5  7 ...  3  3  0]
 [ 5 10  4 ...  8  3  1]
 [ 7  4 10 ...  3  3  1]
 ...
 [ 3  8  3 ... 10  3  1]
 [ 3  3  3 ...  3 10  1]
 [ 0  1  1 ...  1  1 10]]
(1000, 1000)
10

imagenet_sketch_VGG_16
[[10  3  6 ...  3  3  0]
 [ 3 10  3 ...  7  5  1]
 [ 6  3 10 ...  3  3  1]
 ...
 [ 3  7  3 ... 10  8  1]
 [ 3  5  3 ...  8 10  1]
 [ 0  1  1 ...  1  1 10]]
(1000, 1000)
10

imagenet_sketch_VGG_17
[[10  2  7 ...  2  2  0]
 [ 2 10  3 ...  5  5  1]
 [ 7  3 10 ...  3  3  1]
 ...
 [ 2  5  3 ... 10  6  1]
 [ 2  5  3 ...  6 10  1]
 [ 0  1  1 ...  1  1 10]]
(1000, 1000)
10

imagenet_sketch_VGG_24
[[10  3  6 ...  3  3  0]
 [ 3 10  3 ...  7  5  1]
 [ 6  3 10 ...  3  3  1]
 ...
 [ 3  7  3 ... 10  5  1]
 [ 3  5  3 ...  5 10  1]
 [ 0  1  1 ...  1  1 10]]
(1000, 1000)
10

imagenet_sketch_VGG_25
[[10  3  6 ...  2  2  1]
 [ 3 10  3 ...  8  8  1]
 [ 6  3 10 ...  2  2  1]
 ...
 [ 2  8  2 ... 10  8  1]
 [ 2  8  2 ...  8 10  1]
 [ 1  1  1 ...  1  1 10]]
(1000, 1000)
10

imagenet_sketch_VGG_26
[[10  2  7 ...  2  2  0]
 [ 2 10  2 ...  8  4  1]
 [ 7  2 10 ...  2  2  1]
 ...
 [ 2  8  2 ... 10  7  1]
 [ 2  4  2 ...  7 10  1]
 [ 0  1  1 ...  1  1 10]]
(1000, 1000)
10

imagenet_sketch_VisionTransformer_7
[[10  3  7 ...  3  3  1]
 [ 3 10  4 ...  8  8  1]
 [ 7  4 10 ...  4  4  5]
 ...
 [ 3  8  4 ... 10  8  1]
 [ 3  8  4 ...  8 10  1]
 [ 1  1  5 ...  1  1 10]]
(1000, 1000)
10

imagenet_sketch_VisionTransformer_8
[[10  3  6 ...  3  2  0]
 [ 3 10  4 ...  6  5  1]
 [ 6  4 10 ...  4  4  1]
 ...
 [ 3  6  4 ... 10  7  1]
 [ 2  5  4 ...  7 10  1]
 [ 0  1  1 ...  1  1 10]]
(1000, 1000)
10

imagenet_sketch_albef_feature_extractor
[[10  6  7 ...  2  3  0]
 [ 6 10  6 ...  2  3  1]
 [ 7  6 10 ...  2  3  1]
 ...
 [ 2  2  2 ... 10  2  0]
 [ 3  3  3 ...  2 10  1]
 [ 0  1  1 ...  0  1 10]]
(1000, 1000)
10

imagenet_sketch_blip_feature_extractor
[[10  6  6 ...  4  4  0]
 [ 6 10  6 ...  4  4  0]
 [ 6  6 10 ...  4  4  0]
 ...
 [ 4  4  4 ... 10  5  1]
 [ 4  4  4 ...  5 10  0]
 [ 0  0  0 ...  1  0 10]]
(1000, 1000)
10

imagenet_sketch_vitb16
[[10  6  5 ...  2  2  1]
 [ 6 10  5 ...  2  2  1]
 [ 5  5 10 ...  1  1  2]
 ...
 [ 2  2  1 ... 10  5  3]
 [ 2  2  1 ...  5 10  3]
 [ 1  1  2 ...  3  3 10]]
(1000, 1000)
10

imagenet_sketch_vitb32
[[10  8  6 ...  2  2  1]
 [ 8 10  6 ...  2  2  1]
 [ 6  6 10 ...  2  2  1]
 ...
 [ 2  2  2 ... 10  7  1]
 [ 2  2  2 ...  7 10  1]
 [ 1  1  1 ...  1  1 10]]
(1000, 1000)
10

imagenet_sketch_vitl14
[[10  6  5 ...  1  1  1]
 [ 6 10  5 ...  3  3  3]
 [ 5  5 10 ...  2  2  2]
 ...
 [ 1  3  2 ... 10  5  3]
 [ 1  3  2 ...  5 10  3]
 [ 1  3  2 ...  3  3 10]]
(1000, 1000)
10

imagenet_sketch_vitl14_336
[[10  7  5 ...  1  1  1]
 [ 7 10  4 ...  3  3  3]
 [ 5  4 10 ...  1  1  1]
 ...
 [ 1  3  1 ... 10  5  3]
 [ 1  3  1 ...  5 10  3]
 [ 1  3  1 ...  3  3 10]]
(1000, 1000)
10

imagenet_vitb16
[[10  5  5 ...  4  1  1]
 [ 5 10  5 ...  4  1  1]
 [ 5  5 10 ...  3  2  2]
 ...
 [ 4  4  3 ... 10  5  1]
 [ 1  1  2 ...  5 10  3]
 [ 1  1  2 ...  1  3 10]]
(1000, 1000)
10

imagenet_vitb32
[[10  4  5 ...  2  1  1]
 [ 4 10  4 ...  2  1  1]
 [ 5  4 10 ...  1  2  2]
 ...
 [ 2  2  1 ... 10  5  3]
 [ 1  1  2 ...  5 10  3]
 [ 1  1  2 ...  3  3 10]]
(1000, 1000)
10

imagenet_vitl14
[[10  4  3 ...  1  2  6]
 [ 4 10  3 ...  1  2  2]
 [ 3  3 10 ...  2  1  1]
 ...
 [ 1  1  2 ... 10  4  1]
 [ 2  2  1 ...  4 10  2]
 [ 6  2  1 ...  1  2 10]]
(1000, 1000)
10

imagenet_vitl14_336
[[10  7  6 ...  1  2  2]
 [ 7 10  1 ...  1  3  8]
 [ 6  1 10 ...  2  1  1]
 ...
 [ 1  1  2 ... 10  4  1]
 [ 2  3  1 ...  4 10  3]
 [ 2  8  1 ...  1  3 10]]
(1000, 1000)
10

imagenetv2_AlexNet_10
[[10  3  5 ...  3  3  0]
 [ 3 10  1 ...  6  5  0]
 [ 5  1 10 ...  1  1  0]
 ...
 [ 3  6  1 ... 10  3  0]
 [ 3  5  1 ...  3 10  0]
 [ 0  0  0 ...  0  0 10]]
(1000, 1000)
10

imagenetv2_ConvNeXt_12
[[10  3  4 ...  3  3  0]
 [ 3 10  3 ...  4  5  0]
 [ 4  3 10 ...  3  3  0]
 ...
 [ 3  4  3 ... 10  3  0]
 [ 3  5  3 ...  3 10  0]
 [ 0  0  0 ...  0  0 10]]
(1000, 1000)
10

imagenetv2_DenseNet_2
[[10  4  5 ...  4  3  0]
 [ 4 10  1 ...  4  3  0]
 [ 5  1 10 ...  1  1  0]
 ...
 [ 4  4  1 ... 10  5  0]
 [ 3  3  1 ...  5 10  0]
 [ 0  0  0 ...  0  0 10]]
(1000, 1000)
10

imagenetv2_DenseNet_27
[[10  4  4 ...  3  3  0]
 [ 4 10  4 ...  3  3  0]
 [ 4  4 10 ...  1  1  0]
 ...
 [ 3  3  1 ... 10  3  0]
 [ 3  3  1 ...  3 10  0]
 [ 0  0  0 ...  0  0 10]]
(1000, 1000)
10

imagenetv2_DenseNet_28
[[10  6  5 ...  4  3  0]
 [ 6 10  5 ...  4  3  0]
 [ 5  5 10 ...  2  2  0]
 ...
 [ 4  4  2 ... 10  3  0]
 [ 3  3  2 ...  3 10  0]
 [ 0  0  0 ...  0  0 10]]
(1000, 1000)
10

imagenetv2_DenseNet_29
[[10  5  6 ...  3  3  0]
 [ 5 10  1 ...  3  3  0]
 [ 6  1 10 ...  1  1  0]
 ...
 [ 3  3  1 ... 10  3  0]
 [ 3  3  1 ...  3 10  0]
 [ 0  0  0 ...  0  0 10]]
(1000, 1000)
10

imagenetv2_EfficientNet_1
[[10  7  6 ...  3  2  0]
 [ 7 10  4 ...  5  2  0]
 [ 6  4 10 ...  3  2  0]
 ...
 [ 3  5  3 ... 10  4  0]
 [ 2  2  2 ...  4 10  0]
 [ 0  0  0 ...  0  0 10]]
(1000, 1000)
10

imagenetv2_GoogLeNet_21
[[10  5  6 ...  3  3  0]
 [ 5 10  5 ...  3  3  0]
 [ 6  5 10 ...  3  3  0]
 ...
 [ 3  3  3 ... 10  3  0]
 [ 3  3  3 ...  3 10  0]
 [ 0  0  0 ...  0  0 10]]
(1000, 1000)
10

imagenetv2_Inception3_6
[[10  6  5 ...  2  2  0]
 [ 6 10  5 ...  3  3  0]
 [ 5  5 10 ...  2  2  0]
 ...
 [ 2  3  2 ... 10  4  0]
 [ 2  3  2 ...  4 10  0]
 [ 0  0  0 ...  0  0 10]]
(1000, 1000)
10

imagenetv2_MNASNet_18
[[10  4  6 ...  5  3  0]
 [ 4 10  5 ...  3  3  0]
 [ 6  5 10 ...  1  1  0]
 ...
 [ 5  3  1 ... 10  3  0]
 [ 3  3  1 ...  3 10  0]
 [ 0  0  0 ...  0  0 10]]
(1000, 1000)
10

imagenetv2_MNASNet_19
[[10  4  5 ...  3  3  0]
 [ 4 10  4 ...  3  3  0]
 [ 5  4 10 ...  1  1  0]
 ...
 [ 3  3  1 ... 10  5  0]
 [ 3  3  1 ...  5 10  0]
 [ 0  0  0 ...  0  0 10]]
(1000, 1000)
10

imagenetv2_MNASNet_20
[[10  5  1 ...  4  3  0]
 [ 5 10  1 ...  4  3  0]
 [ 1  1 10 ...  1  1  0]
 ...
 [ 4  4  1 ... 10  5  0]
 [ 3  3  1 ...  5 10  0]
 [ 0  0  0 ...  0  0 10]]
(1000, 1000)
10

imagenetv2_MNASNet_3
[[10  8  5 ...  3  3  0]
 [ 8 10  4 ...  5  3  0]
 [ 5  4 10 ...  1  1  0]
 ...
 [ 3  5  1 ... 10  4  0]
 [ 3  3  1 ...  4 10  0]
 [ 0  0  0 ...  0  0 10]]
(1000, 1000)
10

imagenetv2_MobileNetV3_30
[[10  7  5 ...  4  3  0]
 [ 7 10  1 ...  5  3  0]
 [ 5  1 10 ...  1  1  0]
 ...
 [ 4  5  1 ... 10  3  0]
 [ 3  3  1 ...  3 10  0]
 [ 0  0  0 ...  0  0 10]]
(1000, 1000)
10

imagenetv2_MobileNetV3_31
[[10  7  3 ...  3  2  0]
 [ 7 10  5 ...  3  2  0]
 [ 3  5 10 ...  3  2  0]
 ...
 [ 3  3  3 ... 10  2  0]
 [ 2  2  2 ...  2 10  0]
 [ 0  0  0 ...  0  0 10]]
(1000, 1000)
10

imagenetv2_RN101
[[10  3  6 ...  3  1  1]
 [ 3 10  3 ...  4  1  1]
 [ 6  3 10 ...  3  2  2]
 ...
 [ 3  4  3 ... 10  5  1]
 [ 1  1  2 ...  5 10  3]
 [ 1  1  2 ...  1  3 10]]
(1000, 1000)
10

imagenetv2_RN50
[[10  5  6 ...  3  1  1]
 [ 5 10  5 ...  3  1  1]
 [ 6  5 10 ...  3  1  1]
 ...
 [ 3  3  3 ... 10  4  1]
 [ 1  1  1 ...  4 10  2]
 [ 1  1  1 ...  1  2 10]]
(1000, 1000)
10

imagenetv2_RN50x4
[[10  6  7 ...  3  0  0]
 [ 6 10  6 ...  3  0  0]
 [ 7  6 10 ...  0  2  2]
 ...
 [ 3  3  0 ... 10  5  0]
 [ 0  0  2 ...  5 10  3]
 [ 0  0  2 ...  0  3 10]]
(1000, 1000)
10

imagenetv2_RegNet_4
[[10  7  4 ...  5  4  0]
 [ 7 10  4 ...  5  4  6]
 [ 4  4 10 ...  3  4  0]
 ...
 [ 5  5  3 ... 10  3  0]
 [ 4  4  4 ...  3 10  0]
 [ 0  6  0 ...  0  0 10]]
(1000, 1000)
10

imagenetv2_ResNet_0
[[10  5  6 ...  4  1  2]
 [ 5 10  5 ...  4  1  2]
 [ 6  5 10 ...  4  1  2]
 ...
 [ 4  4  4 ... 10  5  2]
 [ 1  1  1 ...  5 10  0]
 [ 2  2  2 ...  2  0 10]]
(1000, 1000)
10

imagenetv2_ResNet_11
[[10  6  6 ...  3  1  0]
 [ 6 10  6 ...  5  1  0]
 [ 6  6 10 ...  5  3  0]
 ...
 [ 3  5  5 ... 10  1  0]
 [ 1  1  3 ...  1 10  0]
 [ 0  0  0 ...  0  0 10]]
(1000, 1000)
10

imagenetv2_ResNet_12
[[10  4  4 ...  3  3  0]
 [ 4 10  4 ...  5  3  0]
 [ 4  4 10 ...  2  2  0]
 ...
 [ 3  5  2 ... 10  3  0]
 [ 3  3  2 ...  3 10  0]
 [ 0  0  0 ...  0  0 10]]
(1000, 1000)
10

imagenetv2_ResNet_13
[[10  7  4 ...  3  3  0]
 [ 7 10  4 ...  3  3  0]
 [ 4  4 10 ...  1  1  0]
 ...
 [ 3  3  1 ... 10  4  0]
 [ 3  3  1 ...  4 10  0]
 [ 0  0  0 ...  0  0 10]]
(1000, 1000)
10

imagenetv2_ResNet_5
[[10  8  6 ...  3  3  0]
 [ 8 10  6 ...  3  3  0]
 [ 6  6 10 ...  3  3  0]
 ...
 [ 3  3  3 ... 10  3  0]
 [ 3  3  3 ...  3 10  0]
 [ 0  0  0 ...  0  0 10]]
(1000, 1000)
10

imagenetv2_ResNet_6
[[10  8  5 ...  3  2  1]
 [ 8 10  5 ...  3  2  1]
 [ 5  5 10 ...  2  3  0]
 ...
 [ 3  3  2 ... 10  2  1]
 [ 2  2  3 ...  2 10  0]
 [ 1  1  0 ...  1  0 10]]
(1000, 1000)
10

imagenetv2_ShuffleNetV2_9
[[10  7  6 ...  4  3  0]
 [ 7 10  5 ...  4  3  0]
 [ 6  5 10 ...  4  1  0]
 ...
 [ 4  4  4 ... 10  6  0]
 [ 3  3  1 ...  6 10  0]
 [ 0  0  0 ...  0  0 10]]
(1000, 1000)
10

imagenetv2_SqueezeNet_22
[[10  6  2 ...  4  4  0]
 [ 6 10  2 ...  4  7  0]
 [ 2  2 10 ...  2  2  1]
 ...
 [ 4  4  2 ... 10  6  0]
 [ 4  7  2 ...  6 10  0]
 [ 0  0  1 ...  0  0 10]]
(1000, 1000)
10

imagenetv2_SqueezeNet_23
[[10  4  6 ...  4  4  0]
 [ 4 10  2 ...  4  6  0]
 [ 6  2 10 ...  2  2  0]
 ...
 [ 4  4  2 ... 10  4  0]
 [ 4  6  2 ...  4 10  0]
 [ 0  0  0 ...  0  0 10]]
(1000, 1000)
10

imagenetv2_SwinTransformer_5
[[10  5  4 ...  4  2  6]
 [ 5 10  4 ...  4  2  3]
 [ 4  4 10 ...  4  2  3]
 ...
 [ 4  4  4 ... 10  2  3]
 [ 2  2  2 ...  2 10  1]
 [ 6  3  3 ...  3  1 10]]
(1000, 1000)
10

imagenetv2_VGG_10
[[10  4  5 ...  3  3  0]
 [ 4 10  2 ...  5  3  0]
 [ 5  2 10 ...  2  2  0]
 ...
 [ 3  5  2 ... 10  4  0]
 [ 3  3  2 ...  4 10  0]
 [ 0  0  0 ...  0  0 10]]
(1000, 1000)
10

imagenetv2_VGG_14
[[10  4  5 ...  4  3  0]
 [ 4 10  4 ...  4  3  0]
 [ 5  4 10 ...  4  2  0]
 ...
 [ 4  4  4 ... 10  3  0]
 [ 3  3  2 ...  3 10  0]
 [ 0  0  0 ...  0  0 10]]
(1000, 1000)
10

imagenetv2_VGG_15
[[10  5  6 ...  3  3  0]
 [ 5 10  5 ...  4  3  0]
 [ 6  5 10 ...  2  2  0]
 ...
 [ 3  4  2 ... 10  5  0]
 [ 3  3  2 ...  5 10  0]
 [ 0  0  0 ...  0  0 10]]
(1000, 1000)
10

imagenetv2_VGG_16
[[10  7  5 ...  3  3  0]
 [ 7 10  4 ...  5  3  0]
 [ 5  4 10 ...  2  2  0]
 ...
 [ 3  5  2 ... 10  3  0]
 [ 3  3  2 ...  3 10  0]
 [ 0  0  0 ...  0  0 10]]
(1000, 1000)
10

imagenetv2_VGG_17
[[10  7  4 ...  3  3  0]
 [ 7 10  4 ...  3  3  0]
 [ 4  4 10 ...  1  1  0]
 ...
 [ 3  3  1 ... 10  3  0]
 [ 3  3  1 ...  3 10  0]
 [ 0  0  0 ...  0  0 10]]
(1000, 1000)
10

imagenetv2_VGG_24
[[10  4  5 ...  3  3  0]
 [ 4 10  4 ...  3  3  0]
 [ 5  4 10 ...  2  2  0]
 ...
 [ 3  3  2 ... 10  5  0]
 [ 3  3  2 ...  5 10  0]
 [ 0  0  0 ...  0  0 10]]
(1000, 1000)
10

imagenetv2_VGG_25
[[10  5  4 ...  3  3  0]
 [ 5 10  4 ...  3  3  0]
 [ 4  4 10 ...  2  2  0]
 ...
 [ 3  3  2 ... 10  5  0]
 [ 3  3  2 ...  5 10  0]
 [ 0  0  0 ...  0  0 10]]
(1000, 1000)
10

imagenetv2_VGG_26
[[10  4  5 ...  3  3  0]
 [ 4 10  4 ...  5  3  0]
 [ 5  4 10 ...  2  2  0]
 ...
 [ 3  5  2 ... 10  4  0]
 [ 3  3  2 ...  4 10  0]
 [ 0  0  0 ...  0  0 10]]
(1000, 1000)
10

imagenetv2_VisionTransformer_7
[[10  7  6 ...  5  2  0]
 [ 7 10  3 ...  5  2  0]
 [ 6  3 10 ...  3  2  1]
 ...
 [ 5  5  3 ... 10  2  0]
 [ 2  2  2 ...  2 10  0]
 [ 0  0  1 ...  0  0 10]]
(1000, 1000)
10

imagenetv2_VisionTransformer_8
[[10  5  5 ...  5  2  0]
 [ 5 10  5 ...  5  2  0]
 [ 5  5 10 ...  5  2  0]
 ...
 [ 5  5  5 ... 10  2  0]
 [ 2  2  2 ...  2 10  0]
 [ 0  0  0 ...  0  0 10]]
(1000, 1000)
10

imagenetv2_albef_feature_extractor
[[10  8  6 ...  3  1  1]
 [ 8 10  6 ...  3  1  1]
 [ 6  6 10 ...  3  0  0]
 ...
 [ 3  3  3 ... 10  0  0]
 [ 1  1  0 ...  0 10  2]
 [ 1  1  0 ...  0  2 10]]
(1000, 1000)
10


imagenetv2_blip_feature_extractor
[[10  6  5 ...  4  4  0]
 [ 6 10  5 ...  4  4  1]
 [ 5  5 10 ...  4  4  1]
 ...
 [ 4  4  4 ... 10  4  0]
 [ 4  4  4 ...  4 10  1]
 [ 0  1  1 ...  0  1 10]]
(1000, 1000)
10

imagenetv2_vitb16
[[10  5  5 ...  2  1  1]
 [ 5 10  5 ...  2  1  1]
 [ 5  5 10 ...  1  2  2]
 ...
 [ 2  2  1 ... 10  4  1]
 [ 1  1  2 ...  4 10  2]
 [ 1  1  2 ...  1  2 10]]
(1000, 1000)
10

imagenetv2_vitb32
[[10  7  6 ...  2  1  1]
 [ 7 10  4 ...  2  1  1]
 [ 6  4 10 ...  1  2  2]
 ...
 [ 2  2  1 ... 10  5  1]
 [ 1  1  2 ...  5 10  2]
 [ 1  1  2 ...  1  2 10]]
(1000, 1000)
10

imagenetv2_vitl14
[[10  3  6 ...  2  1  1]
 [ 3 10  4 ...  1  2  2]
 [ 6  4 10 ...  2  1  1]
 ...
 [ 2  1  2 ... 10  4  1]
 [ 1  2  1 ...  4 10  2]
 [ 1  2  1 ...  1  2 10]]
(1000, 1000)
10

imagenetv2_vitl14_336
[[10  4  5 ...  3  1  1]
 [ 4 10  4 ...  1  2  3]
 [ 5  4 10 ...  3  1  1]
 ...
 [ 3  1  3 ... 10  4  1]
 [ 1  2  1 ...  4 10  2]
 [ 1  3  1 ...  1  2 10]]
(1000, 1000)
10

objectnet_AlexNet_10
[[7 1 0 ... 4 1 3]
 [1 7 0 ... 0 3 0]
 [0 0 7 ... 1 0 1]
 ...
 [4 0 1 ... 7 0 3]
 [1 3 0 ... 0 7 0]
 [3 0 1 ... 3 0 7]]
(113, 113)
7

objectnet_ConvNeXt_12
[[7 0 1 ... 1 0 1]
 [0 7 0 ... 0 3 0]
 [1 0 7 ... 1 0 1]
 ...
 [1 0 1 ... 7 0 2]
 [0 3 0 ... 0 7 0]
 [1 0 1 ... 2 0 7]]
(113, 113)
7

objectnet_DenseNet_2
[[7 0 1 ... 1 0 1]
 [0 7 0 ... 0 2 0]
 [1 0 7 ... 2 0 2]
 ...
 [1 0 2 ... 7 0 3]
 [0 2 0 ... 0 7 0]
 [1 0 2 ... 3 0 7]]
(113, 113)
7

objectnet_DenseNet_27
[[7 0 1 ... 1 0 1]
 [0 7 0 ... 0 4 0]
 [1 0 7 ... 2 0 2]
 ...
 [1 0 2 ... 7 0 2]
 [0 4 0 ... 0 7 0]
 [1 0 2 ... 2 0 7]]
(113, 113)
7

objectnet_DenseNet_28
[[7 0 1 ... 1 0 1]
 [0 7 0 ... 0 3 0]
 [1 0 7 ... 1 0 3]
 ...
 [1 0 1 ... 7 0 2]
 [0 3 0 ... 0 7 0]
 [1 0 3 ... 2 0 7]]
(113, 113)
7

objectnet_DenseNet_29
[[7 0 1 ... 1 0 1]
 [0 7 0 ... 0 3 0]
 [1 0 7 ... 1 0 1]
 ...
 [1 0 1 ... 7 0 2]
 [0 3 0 ... 0 7 0]
 [1 0 1 ... 2 0 7]]
(113, 113)
7

objectnet_EfficientNet_1
[[7 0 1 ... 1 0 1]
 [0 7 0 ... 0 3 0]
 [1 0 7 ... 1 0 1]
 ...
 [1 0 1 ... 7 0 2]
 [0 3 0 ... 0 7 0]
 [1 0 1 ... 2 0 7]]
(113, 113)
7

objectnet_GoogLeNet_21
[[7 0 1 ... 1 0 1]
 [0 7 0 ... 0 2 0]
 [1 0 7 ... 1 0 1]
 ...
 [1 0 1 ... 7 0 2]
 [0 2 0 ... 0 7 0]
 [1 0 1 ... 2 0 7]]
(113, 113)
7

objectnet_Inception3_6
[[7 0 1 ... 1 0 1]
 [0 7 0 ... 0 3 0]
 [1 0 7 ... 2 0 2]
 ...
 [1 0 2 ... 7 0 2]
 [0 3 0 ... 0 7 0]
 [1 0 2 ... 2 0 7]]
(113, 113)
7

objectnet_MNASNet_18
[[7 0 1 ... 1 0 1]
 [0 7 0 ... 0 3 0]
 [1 0 7 ... 1 0 1]
 ...
 [1 0 1 ... 7 0 2]
 [0 3 0 ... 0 7 0]
 [1 0 1 ... 2 0 7]]
(113, 113)
7

objectnet_MNASNet_19
[[7 0 1 ... 1 0 1]
 [0 7 0 ... 0 3 0]
 [1 0 7 ... 3 0 1]
 ...
 [1 0 3 ... 7 0 2]
 [0 3 0 ... 0 7 0]
 [1 0 1 ... 2 0 7]]
(113, 113)
7

objectnet_MNASNet_20
[[7 0 1 ... 1 0 1]
 [0 7 0 ... 0 3 0]
 [1 0 7 ... 2 0 3]
 ...
 [1 0 2 ... 7 0 2]
 [0 3 0 ... 0 7 0]
 [1 0 3 ... 2 0 7]]
(113, 113)
7

objectnet_MNASNet_3
[[7 0 1 ... 1 0 1]
 [0 7 0 ... 0 3 0]
 [1 0 7 ... 2 0 2]
 ...
 [1 0 2 ... 7 0 2]
 [0 3 0 ... 0 7 0]
 [1 0 2 ... 2 0 7]]
(113, 113)
7

objectnet_MobileNetV3_30
[[7 0 1 ... 1 0 1]
 [0 7 0 ... 0 4 0]
 [1 0 7 ... 1 0 1]
 ...
 [1 0 1 ... 7 0 2]
 [0 4 0 ... 0 7 0]
 [1 0 1 ... 2 0 7]]
(113, 113)
7

objectnet_MobileNetV3_31
[[7 0 1 ... 1 0 1]
 [0 7 0 ... 0 2 0]
 [1 0 7 ... 1 0 1]
 ...
 [1 0 1 ... 7 0 2]
 [0 2 0 ... 0 7 0]
 [1 0 1 ... 2 0 7]]
(113, 113)
7

objectnet_RN101
[[7 0 2 ... 1 0 2]
 [0 7 0 ... 0 3 0]
 [2 0 7 ... 1 0 2]
 ...
 [1 0 1 ... 7 0 1]
 [0 3 0 ... 0 7 0]
 [2 0 2 ... 1 0 7]]
(113, 113)
7

objectnet_RN50
[[7 0 1 ... 1 0 1]
 [0 7 0 ... 0 3 0]
 [1 0 7 ... 1 0 1]
 ...
 [1 0 1 ... 7 0 2]
 [0 3 0 ... 0 7 0]
 [1 0 1 ... 2 0 7]]
(113, 113)
7

objectnet_RN50x4
[[7 0 0 ... 1 0 1]
 [0 7 2 ... 0 4 0]
 [0 2 7 ... 0 2 0]
 ...
 [1 0 0 ... 7 0 2]
 [0 4 2 ... 0 7 0]
 [1 0 0 ... 2 0 7]]
(113, 113)
7

objectnet_RegNet_4
[[7 0 1 ... 1 0 1]
 [0 7 0 ... 0 4 0]
 [1 0 7 ... 1 0 1]
 ...
 [1 0 1 ... 7 0 2]
 [0 4 0 ... 0 7 0]
 [1 0 1 ... 2 0 7]]
(113, 113)
7

objectnet_ResNet_0
[[7 0 1 ... 1 0 1]
 [0 7 0 ... 0 2 0]
 [1 0 7 ... 2 0 3]
 ...
 [1 0 2 ... 7 0 2]
 [0 2 0 ... 0 7 0]
 [1 0 3 ... 2 0 7]]
(113, 113)
7

objectnet_ResNet_11
[[7 0 1 ... 1 0 1]
 [0 7 0 ... 0 2 0]
 [1 0 7 ... 2 0 3]
 ...
 [1 0 2 ... 7 0 2]
 [0 2 0 ... 0 7 0]
 [1 0 3 ... 2 0 7]]
(113, 113)
7

objectnet_ResNet_12
[[7 0 1 ... 1 0 1]
 [0 7 0 ... 0 3 0]
 [1 0 7 ... 1 0 1]
 ...
 [1 0 1 ... 7 0 3]
 [0 3 0 ... 0 7 0]
 [1 0 1 ... 3 0 7]]
(113, 113)
7

objectnet_ResNet_13
[[7 0 1 ... 1 0 1]
 [0 7 0 ... 0 3 0]
 [1 0 7 ... 1 0 1]
 ...
 [1 0 1 ... 7 0 3]
 [0 3 0 ... 0 7 0]
 [1 0 1 ... 3 0 7]]
(113, 113)
7

objectnet_ResNet_5
[[7 0 1 ... 1 0 1]
 [0 7 0 ... 0 4 0]
 [1 0 7 ... 1 0 1]
 ...
 [1 0 1 ... 7 0 2]
 [0 4 0 ... 0 7 0]
 [1 0 1 ... 2 0 7]]
(113, 113)
7

objectnet_ResNet_6
[[7 0 1 ... 1 0 1]
 [0 7 0 ... 0 3 0]
 [1 0 7 ... 2 0 2]
 ...
 [1 0 2 ... 7 0 2]
 [0 3 0 ... 0 7 0]
 [1 0 2 ... 2 0 7]]
(113, 113)
7

objectnet_ShuffleNetV2_9
[[7 0 1 ... 1 0 1]
 [0 7 0 ... 0 3 0]
 [1 0 7 ... 2 0 2]
 ...
 [1 0 2 ... 7 0 2]
 [0 3 0 ... 0 7 0]
 [1 0 2 ... 2 0 7]]
(113, 113)
7

objectnet_SqueezeNet_22
[[7 0 1 ... 1 0 4]
 [0 7 0 ... 0 4 0]
 [1 0 7 ... 1 0 1]
 ...
 [1 0 1 ... 7 0 2]
 [0 4 0 ... 0 7 0]
 [4 0 1 ... 2 0 7]]
(113, 113)
7

objectnet_SqueezeNet_23
[[7 1 0 ... 0 1 0]
 [1 7 0 ... 0 4 0]
 [0 0 7 ... 1 0 1]
 ...
 [0 0 1 ... 7 0 3]
 [1 4 0 ... 0 7 0]
 [0 0 1 ... 3 0 7]]
(113, 113)
7

objectnet_SwinTransformer_5
[[7 0 1 ... 1 0 1]
 [0 7 0 ... 0 3 0]
 [1 0 7 ... 1 0 1]
 ...
 [1 0 1 ... 7 0 2]
 [0 3 0 ... 0 7 0]
 [1 0 1 ... 2 0 7]]
(113, 113)
7

objectnet_VGG_10
[[7 0 1 ... 1 0 1]
 [0 7 0 ... 0 4 0]
 [1 0 7 ... 1 0 1]
 ...
 [1 0 1 ... 7 0 3]
 [0 4 0 ... 0 7 0]
 [1 0 1 ... 3 0 7]]
(113, 113)
7

objectnet_VGG_14
[[7 0 1 ... 1 0 1]
 [0 7 0 ... 0 3 0]
 [1 0 7 ... 1 0 1]
 ...
 [1 0 1 ... 7 0 2]
 [0 3 0 ... 0 7 0]
 [1 0 1 ... 2 0 7]]
(113, 113)
7

objectnet_VGG_15
[[7 0 1 ... 1 0 1]
 [0 7 0 ... 0 3 0]
 [1 0 7 ... 2 0 2]
 ...
 [1 0 2 ... 7 0 2]
 [0 3 0 ... 0 7 0]
 [1 0 2 ... 2 0 7]]
(113, 113)
7

objectnet_VGG_16
[[7 0 1 ... 1 0 1]
 [0 7 0 ... 0 4 0]
 [1 0 7 ... 2 0 2]
 ...
 [1 0 2 ... 7 0 2]
 [0 4 0 ... 0 7 0]
 [1 0 2 ... 2 0 7]]
(113, 113)
7

objectnet_VGG_17
[[7 0 1 ... 1 0 1]
 [0 7 0 ... 0 4 0]
 [1 0 7 ... 2 0 2]
 ...
 [1 0 2 ... 7 0 2]
 [0 4 0 ... 0 7 0]
 [1 0 2 ... 2 0 7]]
(113, 113)
7

objectnet_VGG_24
[[7 0 1 ... 1 0 1]
 [0 7 0 ... 0 3 0]
 [1 0 7 ... 2 0 2]
 ...
 [1 0 2 ... 7 0 3]
 [0 3 0 ... 0 7 0]
 [1 0 2 ... 3 0 7]]
(113, 113)
7

objectnet_VGG_25
[[7 0 1 ... 1 0 1]
 [0 7 0 ... 0 3 0]
 [1 0 7 ... 2 0 2]
 ...
 [1 0 2 ... 7 0 3]
 [0 3 0 ... 0 7 0]
 [1 0 2 ... 3 0 7]]
(113, 113)
7

objectnet_VGG_26
[[7 0 1 ... 1 0 1]
 [0 7 0 ... 0 2 0]
 [1 0 7 ... 2 0 2]
 ...
 [1 0 2 ... 7 0 3]
 [0 2 0 ... 0 7 0]
 [1 0 2 ... 3 0 7]]
(113, 113)
7

objectnet_VisionTransformer_7
[[7 1 0 ... 0 1 0]
 [1 7 0 ... 0 3 0]
 [0 0 7 ... 1 0 1]
 ...
 [0 0 1 ... 7 0 2]
 [1 3 0 ... 0 7 0]
 [0 0 1 ... 2 0 7]]
(113, 113)
7

objectnet_VisionTransformer_8
[[7 1 0 ... 0 1 2]
 [1 7 0 ... 0 4 0]
 [0 0 7 ... 2 0 1]
 ...
 [0 0 2 ... 7 0 1]
 [1 4 0 ... 0 7 0]
 [2 0 1 ... 1 0 7]]
(113, 113)
7

objectnet_albef_feature_extractor
[[7 1 0 ... 0 1 2]
 [1 7 0 ... 0 3 1]
 [0 0 7 ... 1 0 0]
 ...
 [0 0 1 ... 7 0 0]
 [1 3 0 ... 0 7 1]
 [2 1 0 ... 0 1 7]]
(113, 113)
7

objectnet_blip_feature_extractor
[[7 1 2 ... 0 1 2]
 [1 7 1 ... 0 2 1]
 [2 1 7 ... 0 3 2]
 ...
 [0 0 0 ... 7 0 0]
 [1 2 3 ... 0 7 1]
 [2 1 2 ... 0 1 7]]
(113, 113)
7

objectnet_vitb16
[[7 0 1 ... 1 0 1]
 [0 7 0 ... 0 4 0]
 [1 0 7 ... 1 0 1]
 ...
 [1 0 1 ... 7 0 2]
 [0 4 0 ... 0 7 0]
 [1 0 1 ... 2 0 7]]
(113, 113)
7

objectnet_vitb32
[[7 0 1 ... 1 0 2]
 [0 7 0 ... 0 4 0]
 [1 0 7 ... 1 3 1]
 ...
 [1 0 1 ... 7 0 1]
 [0 4 3 ... 0 7 0]
 [2 0 1 ... 1 0 7]]
(113, 113)
7

objectnet_vitl14
[[7 0 2 ... 1 0 0]
 [0 7 0 ... 0 3 1]
 [2 0 7 ... 1 0 0]
 ...
 [1 0 1 ... 7 0 0]
 [0 3 0 ... 0 7 1]
 [0 1 0 ... 0 1 7]]
(113, 113)
7

objectnet_vitl14_336
[[7 0 2 ... 1 0 1]
 [0 7 0 ... 0 2 0]
 [2 0 7 ... 1 0 1]
 ...
 [1 0 1 ... 7 0 1]
 [0 2 0 ... 0 7 0]
 [1 0 1 ... 1 0 7]]
(113, 113)
7

openCLIP_imagenet_('RN101', 'openai')
[[10  4  5 ...  2  0  0]
 [ 4 10  4 ...  2  0  0]
 [ 5  4 10 ...  0  2  2]
 ...
 [ 2  2  0 ... 10  4  3]
 [ 0  0  2 ...  4 10  3]
 [ 0  0  2 ...  3  3 10]]
(1000, 1000)
10

openCLIP_imagenet_('RN101', 'yfcc15m')
[[10  4  6 ...  2  1  1]
 [ 4 10  4 ...  2  1  1]
 [ 6  4 10 ...  1  1  1]
 ...
 [ 2  2  1 ... 10  4  1]
 [ 1  1  1 ...  4 10  2]
 [ 1  1  1 ...  1  2 10]]
(1000, 1000)
10

openCLIP_imagenet_('RN101-quickgelu', 'openai')
[[10  4  5 ...  2  0  0]
 [ 4 10  4 ...  2  0  0]
 [ 5  4 10 ...  0  2  2]
 ...
 [ 2  2  0 ... 10  4  3]
 [ 0  0  2 ...  4 10  3]
 [ 0  0  2 ...  3  3 10]]
(1000, 1000)
10

openCLIP_imagenet_('RN101-quickgelu', 'yfcc15m')
[[10  4  5 ...  2  1  1]
 [ 4 10  4 ...  2  1  1]
 [ 5  4 10 ...  1  1  1]
 ...
 [ 2  2  1 ... 10  5  1]
 [ 1  1  1 ...  5 10  2]
 [ 1  1  1 ...  1  2 10]]
(1000, 1000)
10

openCLIP_imagenet_('RN50', 'cc12m')
[[10  5  6 ...  3  2  1]
 [ 5 10  5 ...  3  2  1]
 [ 6  5 10 ...  3  2  1]
 ...
 [ 3  3  3 ... 10  2  1]
 [ 2  2  2 ...  2 10  1]
 [ 1  1  1 ...  1  1 10]]
(1000, 1000)
10

openCLIP_imagenet_('RN50', 'openai')
[[10  4  6 ...  2  0  0]
 [ 4 10  4 ...  2  0  0]
 [ 6  4 10 ...  1  2  2]
 ...
 [ 2  2  1 ... 10  4  3]
 [ 0  0  2 ...  4 10  3]
 [ 0  0  2 ...  3  3 10]]
(1000, 1000)
10

openCLIP_imagenet_('RN50', 'yfcc15m')
[[10  4  5 ...  2  2  1]
 [ 4 10  4 ...  5  2  1]
 [ 5  4 10 ...  2  2  1]
 ...
 [ 2  5  2 ... 10  3  1]
 [ 2  2  2 ...  3 10  1]
 [ 1  1  1 ...  1  1 10]]
(1000, 1000)
10

openCLIP_imagenet_('RN50-quickgelu', 'cc12m')
[[10  5  6 ...  4  2  1]
 [ 5 10  5 ...  4  2  1]
 [ 6  5 10 ...  4  2  1]
 ...
 [ 4  4  4 ... 10  2  1]
 [ 2  2  2 ...  2 10  1]
 [ 1  1  1 ...  1  1 10]]
(1000, 1000)
10

openCLIP_imagenet_('RN50-quickgelu', 'openai')
[[10  4  6 ...  2  0  0]
 [ 4 10  4 ...  2  0  0]
 [ 6  4 10 ...  1  2  2]
 ...
 [ 2  2  1 ... 10  4  3]
 [ 0  0  2 ...  4 10  3]
 [ 0  0  2 ...  3  3 10]]
(1000, 1000)
10

openCLIP_imagenet_('RN50-quickgelu', 'yfcc15m')
[[10  4  4 ...  3  2  1]
 [ 4 10  4 ...  3  2  1]
 [ 4  4 10 ...  3  2  1]
 ...
 [ 3  3  3 ... 10  4  1]
 [ 2  2  2 ...  4 10  1]
 [ 1  1  1 ...  1  1 10]]
(1000, 1000)
10

openCLIP_imagenet_('RN50x16', 'openai')
[[10  5  2 ...  3  3  5]
 [ 5 10  4 ...  0  2  5]
 [ 2  4 10 ...  0  2  2]
 ...
 [ 3  0  0 ... 10  5  3]
 [ 3  2  2 ...  5 10  3]
 [ 5  5  2 ...  3  3 10]]
(1000, 1000)
10

openCLIP_imagenet_('RN50x4', 'openai')
[[10  4  6 ...  2  0  0]
 [ 4 10  4 ...  2  0  0]
 [ 6  4 10 ...  1  2  2]
 ...
 [ 2  2  1 ... 10  4  0]
 [ 0  0  2 ...  4 10  3]
 [ 0  0  2 ...  0  3 10]]
(1000, 1000)
10

openCLIP_imagenet_('RN50x64', 'openai')
[[10  6  5 ...  2  0  0]
 [ 6 10  5 ...  0  2  2]
 [ 5  5 10 ...  2  0  0]
 ...
 [ 2  0  2 ... 10  5  3]
 [ 0  2  0 ...  5 10  3]
 [ 0  2  0 ...  3  3 10]]
(1000, 1000)
10

openCLIP_imagenet_('ViT-B-16', 'laion2b_s34b_b88k')
[[10  4  6 ...  2  1  1]
 [ 4 10  4 ...  2  1  1]
 [ 6  4 10 ...  2  1  1]
 ...
 [ 2  2  2 ... 10  4  1]
 [ 1  1  1 ...  4 10  3]
 [ 1  1  1 ...  1  3 10]]
(1000, 1000)
10

openCLIP_imagenet_('ViT-B-16', 'laion400m_e31')
[[10  4  4 ...  3  2  1]
 [ 4 10  5 ...  3  2  1]
 [ 4  5 10 ...  1  1  2]
 ...
 [ 3  3  1 ... 10  2  1]
 [ 2  2  1 ...  2 10  3]
 [ 1  1  2 ...  1  3 10]]
(1000, 1000)
10

openCLIP_imagenet_('ViT-B-16', 'laion400m_e32')
[[10  5  1 ...  3  2  1]
 [ 5 10  1 ...  4  2  1]
 [ 1  1 10 ...  1  1  2]
 ...
 [ 3  4  1 ... 10  2  1]
 [ 2  2  1 ...  2 10  1]
 [ 1  1  2 ...  1  1 10]]
(1000, 1000)
10

openCLIP_imagenet_('ViT-B-16-plus-240', 'laion400m_e31')
[[10  4  1 ...  4  2  1]
 [ 4 10  1 ...  4  3  3]
 [ 1  1 10 ...  1  1  2]
 ...
 [ 4  4  1 ... 10  2  1]
 [ 2  3  1 ...  2 10  3]
 [ 1  3  2 ...  1  3 10]]
(1000, 1000)
10

openCLIP_imagenet_('ViT-B-16-plus-240', 'laion400m_e32')
[[10  8  5 ...  4  2  1]
 [ 8 10  5 ...  4  3  3]
 [ 5  5 10 ...  1  1  2]
 ...
 [ 4  4  1 ... 10  2  1]
 [ 2  3  1 ...  2 10  3]
 [ 1  3  2 ...  1  3 10]]
(1000, 1000)
10

openCLIP_imagenet_('ViT-B-32', 'laion2b_e16')
[[10  4  5 ...  3  2  1]
 [ 4 10  4 ...  5  2  1]
 [ 5  4 10 ...  1  1  2]
 ...
 [ 3  5  1 ... 10  2  1]
 [ 2  2  1 ...  2 10  1]
 [ 1  1  2 ...  1  1 10]]
(1000, 1000)
10

openCLIP_imagenet_('ViT-B-32', 'laion2b_s34b_b79k')
[[10  4  5 ...  3  2  1]
 [ 4 10  4 ...  5  2  1]
 [ 5  4 10 ...  1  1  2]
 ...
 [ 3  5  1 ... 10  4  1]
 [ 2  2  1 ...  4 10  3]
 [ 1  1  2 ...  1  3 10]]
(1000, 1000)
10

openCLIP_imagenet_('ViT-B-32', 'laion400m_e31')
[[10  4  5 ...  4  2  1]
 [ 4 10  1 ...  5  2  1]
 [ 5  1 10 ...  1  1  2]
 ...
 [ 4  5  1 ... 10  2  1]
 [ 2  2  1 ...  2 10  1]
 [ 1  1  2 ...  1  1 10]]
(1000, 1000)
10

openCLIP_imagenet_('ViT-B-32', 'laion400m_e32')
[[10  5  5 ...  3  2  1]
 [ 5 10  5 ...  3  2  1]
 [ 5  5 10 ...  1  1  2]
 ...
 [ 3  3  1 ... 10  5  1]
 [ 2  2  1 ...  5 10  1]
 [ 1  1  2 ...  1  1 10]]
(1000, 1000)
10

openCLIP_imagenet_('ViT-B-32', 'openai')
[[10  5  5 ...  2  1  1]
 [ 5 10  5 ...  2  1  1]
 [ 5  5 10 ...  1  2  2]
 ...
 [ 2  2  1 ... 10  5  1]
 [ 1  1  2 ...  5 10  2]
 [ 1  1  2 ...  1  2 10]]
(1000, 1000)
10

openCLIP_imagenet_('ViT-B-32-quickgelu', 'laion400m_e31')
[[10  5  1 ...  5  2  1]
 [ 5 10  1 ...  5  2  1]
 [ 1  1 10 ...  1  1  2]
 ...
 [ 5  5  1 ... 10  2  1]
 [ 2  2  1 ...  2 10  1]
 [ 1  1  2 ...  1  1 10]]
(1000, 1000)
10

openCLIP_imagenet_('ViT-B-32-quickgelu', 'laion400m_e32')
[[10  5  5 ...  3  2  1]
 [ 5 10  5 ...  4  2  1]
 [ 5  5 10 ...  1  1  2]
 ...
 [ 3  4  1 ... 10  2  1]
 [ 2  2  1 ...  2 10  1]
 [ 1  1  2 ...  1  1 10]]
(1000, 1000)
10

openCLIP_imagenet_('ViT-L-14', 'laion2b_s32b_b82k')
[[10  6  5 ...  2  1  1]
 [ 6 10  4 ...  2  1  1]
 [ 5  4 10 ...  2  1  1]
 ...
 [ 2  2  2 ... 10  3  3]
 [ 1  1  1 ...  3 10  3]
 [ 1  1  1 ...  3  3 10]]
(1000, 1000)
10

openCLIP_imagenet_('ViT-L-14', 'laion400m_e31')
[[10  5  4 ...  5  1  1]
 [ 5 10  1 ...  5  4  3]
 [ 4  1 10 ...  1  2  2]
 ...
 [ 5  5  1 ... 10  4  1]
 [ 1  4  2 ...  4 10  3]
 [ 1  3  2 ...  1  3 10]]
(1000, 1000)
10

openCLIP_imagenet_('ViT-L-14', 'laion400m_e32')
[[10  4  5 ...  4  1  1]
 [ 4 10  1 ...  4  3  3]
 [ 5  1 10 ...  1  2  2]
 ...
 [ 4  4  1 ... 10  1  1]
 [ 1  3  2 ...  1 10  3]
 [ 1  3  2 ...  1  3 10]]
(1000, 1000)
10

openCLIP_imagenet_('coca_ViT-B-32', 'laion2b_s13b_b90k')
[[10  4  5 ...  4  2  1]
 [ 4 10  4 ...  4  2  1]
 [ 5  4 10 ...  4  1  2]
 ...
 [ 4  4  4 ... 10  2  1]
 [ 2  2  1 ...  2 10  1]
 [ 1  1  2 ...  1  1 10]]
(1000, 1000)
10

openCLIP_imagenet_('coca_ViT-L-14', 'laion2b_s13b_b90k')
[[10  4  4 ...  3  1  1]
 [ 4 10  5 ...  3  1  1]
 [ 4  5 10 ...  1  2  2]
 ...
 [ 3  3  1 ... 10  1  1]
 [ 1  1  2 ...  1 10  2]
 [ 1  1  2 ...  1  2 10]]
(1000, 1000)
10

openCLIP_imagenet_a_('RN101', 'openai')
[[8 1 1 ... 3 0 3]
 [1 8 5 ... 1 0 1]
 [1 5 8 ... 1 0 1]
 ...
 [3 1 1 ... 8 0 4]
 [0 0 0 ... 0 8 0]
 [3 1 1 ... 4 0 8]]
(200, 200)
8

openCLIP_imagenet_a_('RN101', 'yfcc15m')
[[8 1 1 ... 4 4 4]
 [1 8 7 ... 1 1 1]
 [1 7 8 ... 1 1 1]
 ...
 [4 1 1 ... 8 4 4]
 [4 1 1 ... 4 8 4]
 [4 1 1 ... 4 4 8]]
(200, 200)
8

openCLIP_imagenet_a_('RN101-quickgelu', 'openai')
[[8 1 1 ... 3 0 3]
 [1 8 5 ... 1 0 1]
 [1 5 8 ... 1 0 1]
 ...
 [3 1 1 ... 8 0 4]
 [0 0 0 ... 0 8 0]
 [3 1 1 ... 4 0 8]]
(200, 200)
8

openCLIP_imagenet_a_('RN101-quickgelu', 'yfcc15m')
[[8 1 1 ... 3 4 3]
 [1 8 7 ... 1 1 1]
 [1 7 8 ... 1 1 1]
 ...
 [3 1 1 ... 8 3 4]
 [4 1 1 ... 3 8 6]
 [3 1 1 ... 4 6 8]]
(200, 200)
8

openCLIP_imagenet_a_('RN50', 'cc12m')
[[8 1 1 ... 3 3 3]
 [1 8 6 ... 1 1 1]
 [1 6 8 ... 1 1 1]
 ...
 [3 1 1 ... 8 4 4]
 [3 1 1 ... 4 8 5]
 [3 1 1 ... 4 5 8]]
(200, 200)
8

openCLIP_imagenet_a_('RN50', 'openai')
[[8 1 1 ... 2 0 3]
 [1 8 7 ... 1 0 1]
 [1 7 8 ... 1 0 1]
 ...
 [2 1 1 ... 8 4 4]
 [0 0 0 ... 4 8 4]
 [3 1 1 ... 4 4 8]]
(200, 200)
8

openCLIP_imagenet_a_('RN50', 'yfcc15m')
[[8 1 1 ... 1 1 4]
 [1 8 7 ... 3 1 1]
 [1 7 8 ... 3 1 1]
 ...
 [1 3 3 ... 8 1 1]
 [1 1 1 ... 1 8 1]
 [4 1 1 ... 1 1 8]]
(200, 200)
8

openCLIP_imagenet_a_('RN50-quickgelu', 'cc12m')
[[8 1 1 ... 3 3 3]
 [1 8 4 ... 1 1 1]
 [1 4 8 ... 1 1 1]
 ...
 [3 1 1 ... 8 3 3]
 [3 1 1 ... 3 8 5]
 [3 1 1 ... 3 5 8]]
(200, 200)
8

openCLIP_imagenet_a_('RN50-quickgelu', 'openai')
[[8 1 1 ... 2 0 3]
 [1 8 7 ... 1 0 1]
 [1 7 8 ... 1 0 1]
 ...
 [2 1 1 ... 8 4 4]
 [0 0 0 ... 4 8 4]
 [3 1 1 ... 4 4 8]]
(200, 200)
8

openCLIP_imagenet_a_('RN50-quickgelu', 'yfcc15m')
[[8 1 1 ... 1 2 4]
 [1 8 7 ... 4 1 1]
 [1 7 8 ... 4 1 1]
 ...
 [1 4 4 ... 8 1 1]
 [2 1 1 ... 1 8 6]
 [4 1 1 ... 1 6 8]]
(200, 200)
8

openCLIP_imagenet_a_('RN50x16', 'openai')
[[8 1 1 ... 2 2 0]
 [1 8 5 ... 1 1 0]
 [1 5 8 ... 1 1 0]
 ...
 [2 1 1 ... 8 5 5]
 [2 1 1 ... 5 8 5]
 [0 0 0 ... 5 5 8]]
(200, 200)
8

openCLIP_imagenet_a_('RN50x4', 'openai')
[[8 1 1 ... 1 0 2]
 [1 8 5 ... 1 0 1]
 [1 5 8 ... 1 0 1]
 ...
 [1 1 1 ... 8 3 5]
 [0 0 0 ... 3 8 0]
 [2 1 1 ... 5 0 8]]
(200, 200)
8

openCLIP_imagenet_a_('RN50x64', 'openai')
[[8 1 1 ... 2 2 2]
 [1 8 5 ... 1 1 0]
 [1 5 8 ... 1 1 0]
 ...
 [2 1 1 ... 8 6 6]
 [2 1 1 ... 6 8 6]
 [2 0 0 ... 6 6 8]]
(200, 200)
8

openCLIP_imagenet_a_('ViT-B-16', 'laion2b_s34b_b88k')
[[8 1 1 ... 4 0 4]
 [1 8 7 ... 1 0 1]
 [1 7 8 ... 1 0 1]
 ...
 [4 1 1 ... 8 5 5]
 [0 0 0 ... 5 8 6]
 [4 1 1 ... 5 6 8]]
(200, 200)
8

openCLIP_imagenet_a_('ViT-B-16', 'laion400m_e31')
[[8 1 1 ... 3 1 3]
 [1 8 7 ... 1 1 1]
 [1 7 8 ... 1 1 1]
 ...
 [3 1 1 ... 8 5 5]
 [1 1 1 ... 5 8 5]
 [3 1 1 ... 5 5 8]]
(200, 200)
8

openCLIP_imagenet_a_('ViT-B-16', 'laion400m_e32')
[[8 1 1 ... 3 0 3]
 [1 8 7 ... 1 0 1]
 [1 7 8 ... 1 0 1]
 ...
 [3 1 1 ... 8 0 5]
 [0 0 0 ... 0 8 0]
 [3 1 1 ... 5 0 8]]
(200, 200)
8

openCLIP_imagenet_a_('ViT-B-16-plus-240', 'laion400m_e31')
[[8 1 1 ... 3 0 3]
 [1 8 7 ... 1 0 1]
 [1 7 8 ... 1 0 1]
 ...
 [3 1 1 ... 8 0 5]
 [0 0 0 ... 0 8 0]
 [3 1 1 ... 5 0 8]]
(200, 200)
8

openCLIP_imagenet_a_('ViT-B-16-plus-240', 'laion400m_e32')
[[8 1 1 ... 3 0 3]
 [1 8 7 ... 1 0 1]
 [1 7 8 ... 1 0 1]
 ...
 [3 1 1 ... 8 5 5]
 [0 0 0 ... 5 8 5]
 [3 1 1 ... 5 5 8]]
(200, 200)
8

openCLIP_imagenet_a_('ViT-B-32', 'laion2b_e16')
[[8 1 1 ... 3 0 3]
 [1 8 7 ... 1 0 1]
 [1 7 8 ... 1 0 1]
 ...
 [3 1 1 ... 8 0 3]
 [0 0 0 ... 0 8 5]
 [3 1 1 ... 3 5 8]]
(200, 200)
8

openCLIP_imagenet_a_('ViT-B-32', 'laion2b_s34b_b79k')
[[8 1 1 ... 4 0 3]
 [1 8 7 ... 1 0 1]
 [1 7 8 ... 1 0 1]
 ...
 [4 1 1 ... 8 5 3]
 [0 0 0 ... 5 8 0]
 [3 1 1 ... 3 0 8]]
(200, 200)
8

openCLIP_imagenet_a_('ViT-B-32', 'laion400m_e31')
[[8 1 1 ... 3 2 3]
 [1 8 7 ... 1 1 1]
 [1 7 8 ... 1 1 1]
 ...
 [3 1 1 ... 8 2 4]
 [2 1 1 ... 2 8 2]
 [3 1 1 ... 4 2 8]]
(200, 200)
8

openCLIP_imagenet_a_('ViT-B-32', 'laion400m_e32')
[[8 1 1 ... 3 1 4]
 [1 8 7 ... 1 1 1]
 [1 7 8 ... 1 1 1]
 ...
 [3 1 1 ... 8 1 3]
 [1 1 1 ... 1 8 6]
 [4 1 1 ... 3 6 8]]
(200, 200)
8

openCLIP_imagenet_a_('ViT-B-32', 'openai')
[[8 1 1 ... 0 0 2]
 [1 8 7 ... 0 0 1]
 [1 7 8 ... 0 0 1]
 ...
 [0 0 0 ... 8 5 3]
 [0 0 0 ... 5 8 3]
 [2 1 1 ... 3 3 8]]
(200, 200)
8

openCLIP_imagenet_a_('ViT-B-32-quickgelu', 'laion400m_e31')
[[8 1 1 ... 2 1 4]
 [1 8 7 ... 1 1 1]
 [1 7 8 ... 1 1 1]
 ...
 [2 1 1 ... 8 3 2]
 [1 1 1 ... 3 8 6]
 [4 1 1 ... 2 6 8]]
(200, 200)
8

openCLIP_imagenet_a_('ViT-B-32-quickgelu', 'laion400m_e32')
[[8 1 1 ... 2 1 3]
 [1 8 7 ... 1 1 1]
 [1 7 8 ... 1 1 1]
 ...
 [2 1 1 ... 8 4 2]
 [1 1 1 ... 4 8 1]
 [3 1 1 ... 2 1 8]]
(200, 200)
8

openCLIP_imagenet_a_('ViT-L-14', 'laion2b_s32b_b82k')
[[8 1 1 ... 3 0 3]
 [1 8 7 ... 1 0 1]
 [1 7 8 ... 1 0 1]
 ...
 [3 1 1 ... 8 0 5]
 [0 0 0 ... 0 8 0]
 [3 1 1 ... 5 0 8]]
(200, 200)
8

openCLIP_imagenet_a_('ViT-L-14', 'laion400m_e31')
[[8 1 1 ... 2 1 4]
 [1 8 7 ... 1 1 1]
 [1 7 8 ... 1 1 1]
 ...
 [2 1 1 ... 8 1 2]
 [1 1 1 ... 1 8 1]
 [4 1 1 ... 2 1 8]]
(200, 200)
8

openCLIP_imagenet_a_('ViT-L-14', 'laion400m_e32')
[[8 1 1 ... 3 0 3]
 [1 8 7 ... 0 0 1]
 [1 7 8 ... 0 0 1]
 ...
 [3 0 0 ... 8 6 3]
 [0 0 0 ... 6 8 0]
 [3 1 1 ... 3 0 8]]
(200, 200)
8

openCLIP_imagenet_a_('coca_ViT-B-32', 'laion2b_s13b_b90k')
[[8 1 1 ... 3 0 3]
 [1 8 7 ... 1 0 1]
 [1 7 8 ... 1 0 1]
 ...
 [3 1 1 ... 8 0 4]
 [0 0 0 ... 0 8 0]
 [3 1 1 ... 4 0 8]]
(200, 200)
8

openCLIP_imagenet_a_('coca_ViT-L-14', 'laion2b_s13b_b90k')
[[8 1 1 ... 2 0 3]
 [1 8 7 ... 1 0 1]
 [1 7 8 ... 1 0 1]
 ...
 [2 1 1 ... 8 0 4]
 [0 0 0 ... 0 8 0]
 [3 1 1 ... 4 0 8]]
(200, 200)
8

openCLIP_imagenet_r_('RN101', 'openai')
[[8 3 3 ... 1 3 1]
 [3 8 7 ... 1 4 1]
 [3 7 8 ... 1 4 1]
 ...
 [1 1 1 ... 8 1 2]
 [3 4 4 ... 1 8 1]
 [1 1 1 ... 2 1 8]]
(200, 200)
8

openCLIP_imagenet_r_('RN101', 'yfcc15m')
[[8 3 3 ... 1 3 2]
 [3 8 7 ... 1 3 2]
 [3 7 8 ... 1 3 2]
 ...
 [1 1 1 ... 8 5 1]
 [3 3 3 ... 5 8 1]
 [2 2 2 ... 1 1 8]]
(200, 200)
8

openCLIP_imagenet_r_('RN101-quickgelu', 'openai')
[[8 3 3 ... 1 3 1]
 [3 8 7 ... 1 4 1]
 [3 7 8 ... 1 4 1]
 ...
 [1 1 1 ... 8 1 2]
 [3 4 4 ... 1 8 1]
 [1 1 1 ... 2 1 8]]
(200, 200)
8

openCLIP_imagenet_r_('RN101-quickgelu', 'yfcc15m')
[[8 3 3 ... 1 1 4]
 [3 8 7 ... 1 1 2]
 [3 7 8 ... 1 1 2]
 ...
 [1 1 1 ... 8 3 1]
 [1 1 1 ... 3 8 1]
 [4 2 2 ... 1 1 8]]
(200, 200)
8

openCLIP_imagenet_r_('RN50', 'cc12m')
[[8 4 4 ... 1 3 2]
 [4 8 7 ... 1 3 2]
 [4 7 8 ... 1 3 2]
 ...
 [1 1 1 ... 8 6 1]
 [3 3 3 ... 6 8 2]
 [2 2 2 ... 1 2 8]]
(200, 200)
8

openCLIP_imagenet_r_('RN50', 'openai')
[[8 3 3 ... 1 3 1]
 [3 8 6 ... 1 3 1]
 [3 6 8 ... 1 3 1]
 ...
 [1 1 1 ... 8 5 2]
 [3 3 3 ... 5 8 1]
 [1 1 1 ... 2 1 8]]
(200, 200)
8

openCLIP_imagenet_r_('RN50', 'yfcc15m')
[[8 3 3 ... 1 1 2]
 [3 8 7 ... 1 1 2]
 [3 7 8 ... 1 1 2]
 ...
 [1 1 1 ... 8 6 1]
 [1 1 1 ... 6 8 1]
 [2 2 2 ... 1 1 8]]
(200, 200)
8

openCLIP_imagenet_r_('RN50-quickgelu', 'cc12m')
[[8 3 3 ... 1 3 2]
 [3 8 7 ... 1 3 2]
 [3 7 8 ... 1 3 2]
 ...
 [1 1 1 ... 8 5 1]
 [3 3 3 ... 5 8 2]
 [2 2 2 ... 1 2 8]]
(200, 200)
8

openCLIP_imagenet_r_('RN50-quickgelu', 'openai')
[[8 3 3 ... 1 3 1]
 [3 8 6 ... 1 3 1]
 [3 6 8 ... 1 3 1]
 ...
 [1 1 1 ... 8 5 2]
 [3 3 3 ... 5 8 1]
 [1 1 1 ... 2 1 8]]
(200, 200)
8

openCLIP_imagenet_r_('RN50-quickgelu', 'yfcc15m')
[[8 2 2 ... 1 1 5]
 [2 8 7 ... 1 1 2]
 [2 7 8 ... 1 1 2]
 ...
 [1 1 1 ... 8 6 1]
 [1 1 1 ... 6 8 1]
 [5 2 2 ... 1 1 8]]
(200, 200)
8

openCLIP_imagenet_r_('RN50x16', 'openai')
[[8 3 3 ... 2 4 2]
 [3 8 7 ... 2 3 2]
 [3 7 8 ... 2 3 2]
 ...
 [2 2 2 ... 8 2 3]
 [4 3 3 ... 2 8 2]
 [2 2 2 ... 3 2 8]]
(200, 200)
8

openCLIP_imagenet_r_('RN50x4', 'openai')
[[8 3 3 ... 2 5 2]
 [3 8 7 ... 2 3 2]
 [3 7 8 ... 2 3 2]
 ...
 [2 2 2 ... 8 2 2]
 [5 3 3 ... 2 8 2]
 [2 2 2 ... 2 2 8]]
(200, 200)
8

openCLIP_imagenet_r_('RN50x64', 'openai')
[[8 4 4 ... 2 5 2]
 [4 8 7 ... 2 4 2]
 [4 7 8 ... 2 4 2]
 ...
 [2 2 2 ... 8 2 3]
 [5 4 4 ... 2 8 2]
 [2 2 2 ... 3 2 8]]
(200, 200)
8

openCLIP_imagenet_r_('ViT-B-16', 'laion2b_s34b_b88k')
[[8 4 4 ... 1 4 2]
 [4 8 7 ... 1 4 2]
 [4 7 8 ... 1 4 2]
 ...
 [1 1 1 ... 8 1 1]
 [4 4 4 ... 1 8 2]
 [2 2 2 ... 1 2 8]]
(200, 200)
8

openCLIP_imagenet_r_('ViT-B-16', 'laion400m_e31')
[[8 3 3 ... 1 4 1]
 [3 8 6 ... 1 3 1]
 [3 6 8 ... 1 3 1]
 ...
 [1 1 1 ... 8 1 2]
 [4 3 3 ... 1 8 1]
 [1 1 1 ... 2 1 8]]
(200, 200)
8

openCLIP_imagenet_r_('ViT-B-16', 'laion400m_e32')
[[8 3 3 ... 1 5 1]
 [3 8 6 ... 1 3 1]
 [3 6 8 ... 1 3 1]
 ...
 [1 1 1 ... 8 1 2]
 [5 3 3 ... 1 8 1]
 [1 1 1 ... 2 1 8]]
(200, 200)
8

openCLIP_imagenet_r_('ViT-B-16-plus-240', 'laion400m_e31')
[[8 3 3 ... 1 4 1]
 [3 8 6 ... 1 3 1]
 [3 6 8 ... 1 3 1]
 ...
 [1 1 1 ... 8 1 2]
 [4 3 3 ... 1 8 1]
 [1 1 1 ... 2 1 8]]
(200, 200)
8

openCLIP_imagenet_r_('ViT-B-16-plus-240', 'laion400m_e32')
[[8 4 4 ... 1 5 2]
 [4 8 7 ... 1 4 2]
 [4 7 8 ... 1 4 2]
 ...
 [1 1 1 ... 8 1 1]
 [5 4 4 ... 1 8 2]
 [2 2 2 ... 1 2 8]]
(200, 200)
8

openCLIP_imagenet_r_('ViT-B-32', 'laion2b_e16')
[[8 3 3 ... 1 4 1]
 [3 8 7 ... 1 5 1]
 [3 7 8 ... 1 5 1]
 ...
 [1 1 1 ... 8 1 2]
 [4 5 5 ... 1 8 1]
 [1 1 1 ... 2 1 8]]
(200, 200)
8

openCLIP_imagenet_r_('ViT-B-32', 'laion2b_s34b_b79k')
[[8 4 4 ... 1 4 2]
 [4 8 7 ... 3 5 1]
 [4 7 8 ... 3 6 2]
 ...
 [1 3 3 ... 8 1 1]
 [4 5 6 ... 1 8 2]
 [2 1 2 ... 1 2 8]]
(200, 200)
8

openCLIP_imagenet_r_('ViT-B-32', 'laion400m_e31')
[[8 3 3 ... 1 3 2]
 [3 8 7 ... 1 4 2]
 [3 7 8 ... 1 4 2]
 ...
 [1 1 1 ... 8 1 1]
 [3 4 4 ... 1 8 2]
 [2 2 2 ... 1 2 8]]
(200, 200)
8

openCLIP_imagenet_r_('ViT-B-32', 'laion400m_e32')
[[8 4 4 ... 1 4 2]
 [4 8 7 ... 1 4 2]
 [4 7 8 ... 1 4 2]
 ...
 [1 1 1 ... 8 1 1]
 [4 4 4 ... 1 8 2]
 [2 2 2 ... 1 2 8]]
(200, 200)
8

openCLIP_imagenet_r_('ViT-B-32', 'openai')
[[8 3 3 ... 1 5 1]
 [3 8 7 ... 1 4 1]
 [3 7 8 ... 1 4 1]
 ...
 [1 1 1 ... 8 1 2]
 [5 4 4 ... 1 8 1]
 [1 1 1 ... 2 1 8]]
(200, 200)
8

openCLIP_imagenet_r_('ViT-B-32-quickgelu', 'laion400m_e31')
[[8 4 4 ... 1 4 2]
 [4 8 7 ... 1 5 2]
 [4 7 8 ... 1 5 2]
 ...
 [1 1 1 ... 8 1 1]
 [4 5 5 ... 1 8 2]
 [2 2 2 ... 1 2 8]]
(200, 200)
8

openCLIP_imagenet_r_('ViT-B-32-quickgelu', 'laion400m_e32')
[[8 3 3 ... 1 3 2]
 [3 8 6 ... 1 4 2]
 [3 6 8 ... 1 4 2]
 ...
 [1 1 1 ... 8 1 1]
 [3 4 4 ... 1 8 2]
 [2 2 2 ... 1 2 8]]
(200, 200)
8

openCLIP_imagenet_r_('ViT-L-14', 'laion2b_s32b_b82k')
[[8 4 4 ... 1 5 1]
 [4 8 7 ... 1 6 1]
 [4 7 8 ... 1 6 1]
 ...
 [1 1 1 ... 8 1 2]
 [5 6 6 ... 1 8 1]
 [1 1 1 ... 2 1 8]]
(200, 200)
8

openCLIP_imagenet_r_('ViT-L-14', 'laion400m_e31')
[[8 3 3 ... 1 5 2]
 [3 8 7 ... 1 3 2]
 [3 7 8 ... 1 3 2]
 ...
 [1 1 1 ... 8 1 1]
 [5 3 3 ... 1 8 2]
 [2 2 2 ... 1 2 8]]
(200, 200)
8

openCLIP_imagenet_r_('ViT-L-14', 'laion400m_e32')
[[8 3 3 ... 1 5 2]
 [3 8 7 ... 1 3 2]
 [3 7 8 ... 1 3 2]
 ...
 [1 1 1 ... 8 1 1]
 [5 3 3 ... 1 8 2]
 [2 2 2 ... 1 2 8]]
(200, 200)
8

openCLIP_imagenet_r_('coca_ViT-B-32', 'laion2b_s13b_b90k')
[[8 3 3 ... 1 3 2]
 [3 8 7 ... 1 4 1]
 [3 7 8 ... 1 4 1]
 ...
 [1 1 1 ... 8 1 1]
 [3 4 4 ... 1 8 2]
 [2 1 1 ... 1 2 8]]
(200, 200)
8

openCLIP_imagenet_r_('coca_ViT-L-14', 'laion2b_s13b_b90k')
[[8 3 3 ... 1 4 2]
 [3 8 7 ... 1 5 1]
 [3 7 8 ... 1 5 1]
 ...
 [1 1 1 ... 8 1 1]
 [4 5 5 ... 1 8 2]
 [2 1 1 ... 1 2 8]]
(200, 200)
8

openCLIP_imagenet_sketch_('RN101', 'openai')
[[10  7  5 ...  2  2  1]
 [ 7 10  5 ...  2  2  1]
 [ 5  5 10 ...  2  2  1]
 ...
 [ 2  2  2 ... 10  5  3]
 [ 2  2  2 ...  5 10  1]
 [ 1  1  1 ...  3  1 10]]
(1000, 1000)
10

openCLIP_imagenet_sketch_('RN101', 'yfcc15m')
[[10  5  6 ...  3  3  1]
 [ 5 10  5 ...  3  3  1]
 [ 6  5 10 ...  3  3  1]
 ...
 [ 3  3  3 ... 10  5  1]
 [ 3  3  3 ...  5 10  1]
 [ 1  1  1 ...  1  1 10]]
(1000, 1000)
10

openCLIP_imagenet_sketch_('RN101-quickgelu', 'openai')
[[10  7  5 ...  2  2  1]
 [ 7 10  5 ...  2  2  1]
 [ 5  5 10 ...  2  2  1]
 ...
 [ 2  2  2 ... 10  5  3]
 [ 2  2  2 ...  5 10  1]
 [ 1  1  1 ...  3  1 10]]
(1000, 1000)
10

openCLIP_imagenet_sketch_('RN101-quickgelu', 'yfcc15m')
[[10  8  7 ...  3  3  1]
 [ 8 10  5 ...  3  3  1]
 [ 7  5 10 ...  3  3  1]
 ...
 [ 3  3  3 ... 10  7  1]
 [ 3  3  3 ...  7 10  1]
 [ 1  1  1 ...  1  1 10]]
(1000, 1000)
10

openCLIP_imagenet_sketch_('RN50', 'cc12m')
[[10  8  7 ...  2  3  1]
 [ 8 10  6 ...  0  3  0]
 [ 7  6 10 ...  2  3  1]
 ...
 [ 2  0  2 ... 10  5  1]
 [ 3  3  3 ...  5 10  1]
 [ 1  0  1 ...  1  1 10]]
(1000, 1000)
10

openCLIP_imagenet_sketch_('RN50', 'openai')
[[10  6  5 ...  1  2  1]
 [ 6 10  5 ...  1  2  1]
 [ 5  5 10 ...  1  2  1]
 ...
 [ 1  1  1 ... 10  6  2]
 [ 2  2  2 ...  6 10  1]
 [ 1  1  1 ...  2  1 10]]
(1000, 1000)
10

openCLIP_imagenet_sketch_('RN50', 'yfcc15m')
[[10  8  5 ...  3  2  1]
 [ 8 10  4 ...  7  2  1]
 [ 5  4 10 ...  3  2  1]
 ...
 [ 3  7  3 ... 10  6  1]
 [ 2  2  2 ...  6 10  1]
 [ 1  1  1 ...  1  1 10]]
(1000, 1000)
10

openCLIP_imagenet_sketch_('RN50-quickgelu', 'cc12m')
[[10  5  7 ...  2  3  1]
 [ 5 10  5 ...  0  3  0]
 [ 7  5 10 ...  2  3  1]
 ...
 [ 2  0  2 ... 10  4  1]
 [ 3  3  3 ...  4 10  1]
 [ 1  0  1 ...  1  1 10]]
(1000, 1000)
10

openCLIP_imagenet_sketch_('RN50-quickgelu', 'openai')
[[10  6  5 ...  1  2  1]
 [ 6 10  5 ...  1  2  1]
 [ 5  5 10 ...  1  2  1]
 ...
 [ 1  1  1 ... 10  6  2]
 [ 2  2  2 ...  6 10  1]
 [ 1  1  1 ...  2  1 10]]
(1000, 1000)
10

openCLIP_imagenet_sketch_('RN50-quickgelu', 'yfcc15m')
[[10  4  7 ...  3  3  1]
 [ 4 10  4 ...  2  2  1]
 [ 7  4 10 ...  2  2  1]
 ...
 [ 3  2  2 ... 10  4  1]
 [ 3  2  2 ...  4 10  1]
 [ 1  1  1 ...  1  1 10]]
(1000, 1000)
10

openCLIP_imagenet_sketch_('RN50x16', 'openai')
[[10  6  5 ...  2  4  1]
 [ 6 10  5 ...  2  4  1]
 [ 5  5 10 ...  2  4  1]
 ...
 [ 2  2  2 ... 10  5  3]
 [ 4  4  4 ...  5 10  3]
 [ 1  1  1 ...  3  3 10]]
(1000, 1000)
10

openCLIP_imagenet_sketch_('RN50x4', 'openai')
[[10  7  6 ...  2  2  1]
 [ 7 10  6 ...  2  2  1]
 [ 6  6 10 ...  2  2  1]
 ...
 [ 2  2  2 ... 10  5  3]
 [ 2  2  2 ...  5 10  3]
 [ 1  1  1 ...  3  3 10]]
(1000, 1000)
10

openCLIP_imagenet_sketch_('RN50x64', 'openai')
[[10  7  5 ...  3  3  1]
 [ 7 10  5 ...  3  3  1]
 [ 5  5 10 ...  2  2  1]
 ...
 [ 3  3  2 ... 10  6  1]
 [ 3  3  2 ...  6 10  1]
 [ 1  1  1 ...  1  1 10]]
(1000, 1000)
10

openCLIP_imagenet_sketch_('ViT-B-16', 'laion2b_s34b_b88k')
[[10  5  6 ...  2  3  1]
 [ 5 10  5 ...  4  3  1]
 [ 6  5 10 ...  2  3  1]
 ...
 [ 2  4  2 ... 10  2  3]
 [ 3  3  3 ...  2 10  1]
 [ 1  1  1 ...  3  1 10]]
(1000, 1000)
10

openCLIP_imagenet_sketch_('ViT-B-16', 'laion400m_e31')
[[10  6  5 ...  2  2  1]
 [ 6 10  5 ...  2  2  1]
 [ 5  5 10 ...  1  1  2]
 ...
 [ 2  2  1 ... 10  6  1]
 [ 2  2  1 ...  6 10  1]
 [ 1  1  2 ...  1  1 10]]
(1000, 1000)
10

openCLIP_imagenet_sketch_('ViT-B-16', 'laion400m_e32')
[[10  6  6 ...  2  2  1]
 [ 6 10  6 ...  2  2  1]
 [ 6  6 10 ...  2  2  1]
 ...
 [ 2  2  2 ... 10  5  3]
 [ 2  2  2 ...  5 10  1]
 [ 1  1  1 ...  3  1 10]]
(1000, 1000)
10

openCLIP_imagenet_sketch_('ViT-B-16-plus-240', 'laion400m_e31')
[[10  7  5 ...  2  3  1]
 [ 7 10  5 ...  4  4  1]
 [ 5  5 10 ...  2  3  1]
 ...
 [ 2  4  2 ... 10  5  1]
 [ 3  4  3 ...  5 10  1]
 [ 1  1  1 ...  1  1 10]]
(1000, 1000)
10

openCLIP_imagenet_sketch_('ViT-B-16-plus-240', 'laion400m_e32')
[[10  7  6 ...  2  3  1]
 [ 7 10  5 ...  2  3  1]
 [ 6  5 10 ...  2  3  1]
 ...
 [ 2  2  2 ... 10  7  1]
 [ 3  3  3 ...  7 10  1]
 [ 1  1  1 ...  1  1 10]]
(1000, 1000)
10

openCLIP_imagenet_sketch_('ViT-B-32', 'laion2b_e16')
[[10  6  5 ...  2  3  1]
 [ 6 10  5 ...  2  3  1]
 [ 5  5 10 ...  2  3  1]
 ...
 [ 2  2  2 ... 10  5  3]
 [ 3  3  3 ...  5 10  1]
 [ 1  1  1 ...  3  1 10]]
(1000, 1000)
10

openCLIP_imagenet_sketch_('ViT-B-32', 'laion2b_s34b_b79k')
[[10  7  6 ...  2  5  1]
 [ 7 10  6 ...  2  5  1]
 [ 6  6 10 ...  2  5  1]
 ...
 [ 2  2  2 ... 10  4  3]
 [ 5  5  5 ...  4 10  1]
 [ 1  1  1 ...  3  1 10]]
(1000, 1000)
10

openCLIP_imagenet_sketch_('ViT-B-32', 'laion400m_e31')
[[10  7  6 ...  2  3  1]
 [ 7 10  4 ...  2  5  1]
 [ 6  4 10 ...  2  3  1]
 ...
 [ 2  2  2 ... 10  6  1]
 [ 3  5  3 ...  6 10  1]
 [ 1  1  1 ...  1  1 10]]
(1000, 1000)
10

openCLIP_imagenet_sketch_('ViT-B-32', 'laion400m_e32')
[[10  6  7 ...  2  3  1]
 [ 6 10  6 ...  2  3  1]
 [ 7  6 10 ...  2  3  1]
 ...
 [ 2  2  2 ... 10  5  1]
 [ 3  3  3 ...  5 10  1]
 [ 1  1  1 ...  1  1 10]]
(1000, 1000)
10

openCLIP_imagenet_sketch_('ViT-B-32', 'openai')
[[10  7  6 ...  2  2  1]
 [ 7 10  6 ...  2  2  1]
 [ 6  6 10 ...  2  2  1]
 ...
 [ 2  2  2 ... 10  4  1]
 [ 2  2  2 ...  4 10  1]
 [ 1  1  1 ...  1  1 10]]
(1000, 1000)
10

openCLIP_imagenet_sketch_('ViT-B-32-quickgelu', 'laion400m_e31')
[[10  6  5 ...  2  3  1]
 [ 6 10  5 ...  2  3  1]
 [ 5  5 10 ...  2  3  1]
 ...
 [ 2  2  2 ... 10  5  1]
 [ 3  3  3 ...  5 10  1]
 [ 1  1  1 ...  1  1 10]]
(1000, 1000)
10

openCLIP_imagenet_sketch_('ViT-B-32-quickgelu', 'laion400m_e32')
[[10  6  7 ...  2  3  1]
 [ 6 10  5 ...  2  3  1]
 [ 7  5 10 ...  2  3  1]
 ...
 [ 2  2  2 ... 10  6  1]
 [ 3  3  3 ...  6 10  1]
 [ 1  1  1 ...  1  1 10]]
(1000, 1000)
10

openCLIP_imagenet_sketch_('ViT-L-14', 'laion2b_s32b_b82k')
[[10  5  6 ...  2  3  1]
 [ 5 10  5 ...  2  3  1]
 [ 6  5 10 ...  2  3  1]
 ...
 [ 2  2  2 ... 10  5  1]
 [ 3  3  3 ...  5 10  1]
 [ 1  1  1 ...  1  1 10]]
(1000, 1000)
10

openCLIP_imagenet_sketch_('ViT-L-14', 'laion400m_e31')
[[10  5  6 ...  1  2  1]
 [ 5 10  5 ...  1  2  1]
 [ 6  5 10 ...  1  2  1]
 ...
 [ 1  1  1 ... 10  5  3]
 [ 2  2  2 ...  5 10  1]
 [ 1  1  1 ...  3  1 10]]
(1000, 1000)
10

openCLIP_imagenet_sketch_('ViT-L-14', 'laion400m_e32')
[[10  6  5 ...  1  3  1]
 [ 6 10  4 ...  1  3  1]
 [ 5  4 10 ...  1  3  1]
 ...
 [ 1  1  1 ... 10  7  3]
 [ 3  3  3 ...  7 10  1]
 [ 1  1  1 ...  3  1 10]]
(1000, 1000)
10

openCLIP_imagenet_sketch_('coca_ViT-B-32', 'laion2b_s13b_b90k')
[[10  6  6 ...  3  3  1]
 [ 6 10  6 ...  3  3  1]
 [ 6  6 10 ...  3  3  1]
 ...
 [ 3  3  3 ... 10  5  1]
 [ 3  3  3 ...  5 10  1]
 [ 1  1  1 ...  1  1 10]]
(1000, 1000)
10

openCLIP_imagenet_sketch_('coca_ViT-L-14', 'laion2b_s13b_b90k')
[[10  5  6 ...  2  4  1]
 [ 5 10  5 ...  2  4  1]
 [ 6  5 10 ...  2  4  1]
 ...
 [ 2  2  2 ... 10  2  3]
 [ 4  4  4 ...  2 10  1]
 [ 1  1  1 ...  3  1 10]]
(1000, 1000)
10

openCLIP_imagenetv2_('RN101', 'openai')
[[10  6  3 ...  4  1  1]
 [ 6 10  3 ...  4  1  1]
 [ 3  3 10 ...  3  2  2]
 ...
 [ 4  4  3 ... 10  5  1]
 [ 1  1  2 ...  5 10  3]
 [ 1  1  2 ...  1  3 10]]
(1000, 1000)
10

openCLIP_imagenetv2_('RN101', 'yfcc15m')
[[10  5  5 ...  4  6  1]
 [ 5 10  5 ...  4  4  1]
 [ 5  5 10 ...  4  4  1]
 ...
 [ 4  4  4 ... 10  4  1]
 [ 6  4  4 ...  4 10  1]
 [ 1  1  1 ...  1  1 10]]
(1000, 1000)
10

openCLIP_imagenetv2_('RN101-quickgelu', 'openai')
[[10  6  3 ...  4  1  1]
 [ 6 10  3 ...  4  1  1]
 [ 3  3 10 ...  3  2  2]
 ...
 [ 4  4  3 ... 10  5  1]
 [ 1  1  2 ...  5 10  3]
 [ 1  1  2 ...  1  3 10]]
(1000, 1000)
10

openCLIP_imagenetv2_('RN101-quickgelu', 'yfcc15m')
[[10  4  7 ...  4  4  1]
 [ 4 10  4 ...  5  5  1]
 [ 7  4 10 ...  4  4  1]
 ...
 [ 4  5  4 ... 10  5  1]
 [ 4  5  4 ...  5 10  1]
 [ 1  1  1 ...  1  1 10]]
(1000, 1000)
10

openCLIP_imagenetv2_('RN50', 'cc12m')
[[10  6  7 ...  4  4  1]
 [ 6 10  6 ...  4  4  1]
 [ 7  6 10 ...  4  4  1]
 ...
 [ 4  4  4 ... 10  6  1]
 [ 4  4  4 ...  6 10  1]
 [ 1  1  1 ...  1  1 10]]
(1000, 1000)
10

openCLIP_imagenetv2_('RN50', 'openai')
[[10  5  6 ...  3  1  1]
 [ 5 10  4 ...  3  1  1]
 [ 6  4 10 ...  3  1  1]
 ...
 [ 3  3  3 ... 10  4  1]
 [ 1  1  1 ...  4 10  2]
 [ 1  1  1 ...  1  2 10]]
(1000, 1000)
10

openCLIP_imagenetv2_('RN50', 'yfcc15m')
[[10  5  5 ...  4  2  1]
 [ 5 10  5 ...  4  2  1]
 [ 5  5 10 ...  4  2  1]
 ...
 [ 4  4  4 ... 10  5  1]
 [ 2  2  2 ...  5 10  1]
 [ 1  1  1 ...  1  1 10]]
(1000, 1000)
10

openCLIP_imagenetv2_('RN50-quickgelu', 'cc12m')
[[10  6  5 ...  4  3  1]
 [ 6 10  5 ...  4  3  1]
 [ 5  5 10 ...  4  3  1]
 ...
 [ 4  4  4 ... 10  3  1]
 [ 3  3  3 ...  3 10  1]
 [ 1  1  1 ...  1  1 10]]
(1000, 1000)
10

openCLIP_imagenetv2_('RN50-quickgelu', 'openai')
[[10  5  6 ...  3  1  1]
 [ 5 10  4 ...  3  1  1]
 [ 6  4 10 ...  3  1  1]
 ...
 [ 3  3  3 ... 10  4  1]
 [ 1  1  1 ...  4 10  2]
 [ 1  1  1 ...  1  2 10]]
(1000, 1000)
10

openCLIP_imagenetv2_('RN50-quickgelu', 'yfcc15m')
[[10  3  3 ...  5  5  1]
 [ 3 10  5 ...  3  3  1]
 [ 3  5 10 ...  3  3  1]
 ...
 [ 5  3  3 ... 10  6  1]
 [ 5  3  3 ...  6 10  1]
 [ 1  1  1 ...  1  1 10]]
(1000, 1000)
10

openCLIP_imagenetv2_('RN50x16', 'openai')
[[10  4  5 ...  3  3  3]
 [ 4 10  4 ...  3  3  3]
 [ 5  4 10 ...  1  2  2]
 ...
 [ 3  3  1 ... 10  4  3]
 [ 3  3  2 ...  4 10  3]
 [ 3  3  2 ...  3  3 10]]
(1000, 1000)
10

openCLIP_imagenetv2_('RN50x4', 'openai')
[[10  6  7 ...  3  0  0]
 [ 6 10  4 ...  3  0  0]
 [ 7  4 10 ...  3  2  2]
 ...
 [ 3  3  3 ... 10  4  0]
 [ 0  0  2 ...  4 10  3]
 [ 0  0  2 ...  0  3 10]]
(1000, 1000)
10

openCLIP_imagenetv2_('RN50x64', 'openai')
[[10  5  6 ...  2  0  0]
 [ 5 10  5 ...  0  2  2]
 [ 6  5 10 ...  2  0  0]
 ...
 [ 2  0  2 ... 10  5  0]
 [ 0  2  0 ...  5 10  3]
 [ 0  2  0 ...  0  3 10]]
(1000, 1000)
10

openCLIP_imagenetv2_('ViT-B-16', 'laion2b_s34b_b88k')
[[10  4  6 ...  4  2  1]
 [ 4 10  3 ...  5  2  1]
 [ 6  3 10 ...  3  2  1]
 ...
 [ 4  5  3 ... 10  2  1]
 [ 2  2  2 ...  2 10  1]
 [ 1  1  1 ...  1  1 10]]
(1000, 1000)
10

openCLIP_imagenetv2_('ViT-B-16', 'laion400m_e31')
[[10  8  5 ...  4  2  1]
 [ 8 10  5 ...  4  2  1]
 [ 5  5 10 ...  1  1  2]
 ...
 [ 4  4  1 ... 10  5  1]
 [ 2  2  1 ...  5 10  1]
 [ 1  1  2 ...  1  1 10]]
(1000, 1000)
10

openCLIP_imagenetv2_('ViT-B-16', 'laion400m_e32')
[[10  5  1 ...  5  2  1]
 [ 5 10  1 ...  5  2  1]
 [ 1  1 10 ...  1  1  2]
 ...
 [ 5  5  1 ... 10  2  1]
 [ 2  2  1 ...  2 10  3]
 [ 1  1  2 ...  1  3 10]]
(1000, 1000)
10

openCLIP_imagenetv2_('ViT-B-16-plus-240', 'laion400m_e31')
[[10  8  1 ...  4  2  1]
 [ 8 10  1 ...  5  2  1]
 [ 1  1 10 ...  1  1  2]
 ...
 [ 4  5  1 ... 10  2  1]
 [ 2  2  1 ...  2 10  3]
 [ 1  1  2 ...  1  3 10]]
(1000, 1000)
10

openCLIP_imagenetv2_('ViT-B-16-plus-240', 'laion400m_e32')
[[10  5  5 ...  4  2  1]
 [ 5 10  5 ...  4  2  1]
 [ 5  5 10 ...  1  1  2]
 ...
 [ 4  4  1 ... 10  2  1]
 [ 2  2  1 ...  2 10  3]
 [ 1  1  2 ...  1  3 10]]
(1000, 1000)
10

openCLIP_imagenetv2_('ViT-B-32', 'laion2b_e16')
[[10  4  5 ...  3  2  1]
 [ 4 10  1 ...  5  2  1]
 [ 5  1 10 ...  1  1  2]
 ...
 [ 3  5  1 ... 10  2  1]
 [ 2  2  1 ...  2 10  1]
 [ 1  1  2 ...  1  1 10]]
(1000, 1000)
10

openCLIP_imagenetv2_('ViT-B-32', 'laion2b_s34b_b79k')
[[10  4  5 ...  6  2  1]
 [ 4 10  4 ...  5  2  1]
 [ 5  4 10 ...  3  1  2]
 ...
 [ 6  5  3 ... 10  2  1]
 [ 2  2  1 ...  2 10  3]
 [ 1  1  2 ...  1  3 10]]
(1000, 1000)
10

openCLIP_imagenetv2_('ViT-B-32', 'laion400m_e31')
[[10  4  2 ...  4  4  1]
 [ 4 10  5 ...  4  4  1]
 [ 2  5 10 ...  2  2  1]
 ...
 [ 4  4  2 ... 10  6  1]
 [ 4  4  2 ...  6 10  1]
 [ 1  1  1 ...  1  1 10]]
(1000, 1000)
10

openCLIP_imagenetv2_('ViT-B-32', 'laion400m_e32')
[[10  5  4 ...  6  5  1]
 [ 5 10  4 ...  5  5  1]
 [ 4  4 10 ...  4  2  1]
 ...
 [ 6  5  4 ... 10  5  1]
 [ 5  5  2 ...  5 10  1]
 [ 1  1  1 ...  1  1 10]]
(1000, 1000)
10

openCLIP_imagenetv2_('ViT-B-32', 'openai')
[[10  5  5 ...  2  1  1]
 [ 5 10  5 ...  2  1  1]
 [ 5  5 10 ...  1  2  2]
 ...
 [ 2  2  1 ... 10  5  1]
 [ 1  1  2 ...  5 10  2]
 [ 1  1  2 ...  1  2 10]]
(1000, 1000)
10

openCLIP_imagenetv2_('ViT-B-32-quickgelu', 'laion400m_e31')
[[10  5  5 ...  4  2  1]
 [ 5 10  5 ...  4  2  1]
 [ 5  5 10 ...  4  1  3]
 ...
 [ 4  4  4 ... 10  2  1]
 [ 2  2  1 ...  2 10  1]
 [ 1  1  3 ...  1  1 10]]
(1000, 1000)
10

openCLIP_imagenetv2_('ViT-B-32-quickgelu', 'laion400m_e32')
[[10  5  4 ...  5  2  1]
 [ 5 10  4 ...  5  2  1]
 [ 4  4 10 ...  1  1  3]
 ...
 [ 5  5  1 ... 10  2  1]
 [ 2  2  1 ...  2 10  1]
 [ 1  1  3 ...  1  1 10]]
(1000, 1000)
10

openCLIP_imagenetv2_('ViT-L-14', 'laion2b_s32b_b82k')
[[10  4  6 ...  4  2  1]
 [ 4 10  1 ...  5  5  1]
 [ 6  1 10 ...  1  1  2]
 ...
 [ 4  5  1 ... 10  5  1]
 [ 2  5  1 ...  5 10  1]
 [ 1  1  2 ...  1  1 10]]
(1000, 1000)
10

openCLIP_imagenetv2_('ViT-L-14', 'laion400m_e31')
[[10  5  6 ...  5  2  1]
 [ 5 10  1 ...  5  2  1]
 [ 6  1 10 ...  1  1  2]
 ...
 [ 5  5  1 ... 10  4  1]
 [ 2  2  1 ...  4 10  3]
 [ 1  1  2 ...  1  3 10]]
(1000, 1000)
10

openCLIP_imagenetv2_('ViT-L-14', 'laion400m_e32')
[[10  6  1 ...  5  2  1]
 [ 6 10  1 ...  5  2  1]
 [ 1  1 10 ...  1  1  1]
 ...
 [ 5  5  1 ... 10  2  1]
 [ 2  2  1 ...  2 10  3]
 [ 1  1  1 ...  1  3 10]]
(1000, 1000)
10

openCLIP_imagenetv2_('coca_ViT-B-32', 'laion2b_s13b_b90k')
[[10  4  5 ...  3  2  1]
 [ 4 10  4 ...  5  2  1]
 [ 5  4 10 ...  1  1  1]
 ...
 [ 3  5  1 ... 10  2  1]
 [ 2  2  1 ...  2 10  1]
 [ 1  1  1 ...  1  1 10]]
(1000, 1000)
10

openCLIP_imagenetv2_('coca_ViT-L-14', 'laion2b_s13b_b90k')
[[10  6  4 ...  3  2  1]
 [ 6 10  4 ...  3  2  1]
 [ 4  4 10 ...  1  1  2]
 ...
 [ 3  3  1 ... 10  2  1]
 [ 2  2  1 ...  2 10  3]
 [ 1  1  2 ...  1  3 10]]
(1000, 1000)
10

openCLIP_objectnet_('RN101', 'openai')
[[7 0 2 ... 1 0 2]
 [0 7 0 ... 0 3 0]
 [2 0 7 ... 1 0 2]
 ...
 [1 0 1 ... 7 0 1]
 [0 3 0 ... 0 7 0]
 [2 0 2 ... 1 0 7]]
(113, 113)
7

openCLIP_objectnet_('RN101', 'yfcc15m')
[[7 0 1 ... 1 0 1]
 [0 7 0 ... 0 2 0]
 [1 0 7 ... 1 0 1]
 ...
 [1 0 1 ... 7 0 2]
 [0 2 0 ... 0 7 0]
 [1 0 1 ... 2 0 7]]
(113, 113)
7

openCLIP_objectnet_('RN101-quickgelu', 'openai')
[[7 0 2 ... 1 0 2]
 [0 7 0 ... 0 3 0]
 [2 0 7 ... 1 0 2]
 ...
 [1 0 1 ... 7 0 1]
 [0 3 0 ... 0 7 0]
 [2 0 2 ... 1 0 7]]
(113, 113)
7

openCLIP_objectnet_('RN101-quickgelu', 'yfcc15m')
[[7 0 1 ... 1 0 1]
 [0 7 0 ... 0 2 0]
 [1 0 7 ... 1 0 1]
 ...
 [1 0 1 ... 7 0 2]
 [0 2 0 ... 0 7 0]
 [1 0 1 ... 2 0 7]]
(113, 113)
7

openCLIP_objectnet_('RN50', 'cc12m')
[[7 0 1 ... 1 0 1]
 [0 7 0 ... 0 2 0]
 [1 0 7 ... 3 0 3]
 ...
 [1 0 3 ... 7 0 3]
 [0 2 0 ... 0 7 0]
 [1 0 3 ... 3 0 7]]
(113, 113)
7

openCLIP_objectnet_('RN50', 'openai')
[[7 0 1 ... 1 0 1]
 [0 7 0 ... 0 3 0]
 [1 0 7 ... 1 0 1]
 ...
 [1 0 1 ... 7 0 2]
 [0 3 0 ... 0 7 0]
 [1 0 1 ... 2 0 7]]
(113, 113)
7

openCLIP_objectnet_('RN50', 'yfcc15m')
[[7 0 1 ... 1 0 1]
 [0 7 0 ... 0 2 0]
 [1 0 7 ... 1 0 1]
 ...
 [1 0 1 ... 7 0 2]
 [0 2 0 ... 0 7 0]
 [1 0 1 ... 2 0 7]]
(113, 113)
7

openCLIP_objectnet_('RN50-quickgelu', 'cc12m')
[[7 0 1 ... 1 0 1]
 [0 7 0 ... 0 2 0]
 [1 0 7 ... 3 0 3]
 ...
 [1 0 3 ... 7 0 3]
 [0 2 0 ... 0 7 0]
 [1 0 3 ... 3 0 7]]
(113, 113)
7

openCLIP_objectnet_('RN50-quickgelu', 'openai')
[[7 0 1 ... 1 0 1]
 [0 7 0 ... 0 3 0]
 [1 0 7 ... 1 0 1]
 ...
 [1 0 1 ... 7 0 2]
 [0 3 0 ... 0 7 0]
 [1 0 1 ... 2 0 7]]
(113, 113)
7

openCLIP_objectnet_('RN50-quickgelu', 'yfcc15m')
[[7 0 1 ... 1 0 1]
 [0 7 0 ... 0 2 0]
 [1 0 7 ... 2 0 2]
 ...
 [1 0 2 ... 7 0 3]
 [0 2 0 ... 0 7 0]
 [1 0 2 ... 3 0 7]]
(113, 113)
7

openCLIP_objectnet_('RN50x16', 'openai')
[[7 0 2 ... 1 0 2]
 [0 7 0 ... 0 4 0]
 [2 0 7 ... 1 0 2]
 ...
 [1 0 1 ... 7 0 1]
 [0 4 0 ... 0 7 0]
 [2 0 2 ... 1 0 7]]
(113, 113)
7

openCLIP_objectnet_('RN50x4', 'openai')
[[7 0 0 ... 1 0 1]
 [0 7 2 ... 0 4 0]
 [0 2 7 ... 0 2 0]
 ...
 [1 0 0 ... 7 0 2]
 [0 4 2 ... 0 7 0]
 [1 0 0 ... 2 0 7]]
(113, 113)
7

openCLIP_objectnet_('RN50x64', 'openai')
[[7 0 1 ... 1 0 1]
 [0 7 0 ... 0 3 0]
 [1 0 7 ... 2 0 1]
 ...
 [1 0 2 ... 7 0 1]
 [0 3 0 ... 0 7 0]
 [1 0 1 ... 1 0 7]]
(113, 113)
7

openCLIP_objectnet_('ViT-B-16', 'laion2b_s34b_b88k')
[[7 1 0 ... 0 1 0]
 [1 7 0 ... 0 2 0]
 [0 0 7 ... 1 0 1]
 ...
 [0 0 1 ... 7 0 2]
 [1 2 0 ... 0 7 0]
 [0 0 1 ... 2 0 7]]
(113, 113)
7

openCLIP_objectnet_('ViT-B-16', 'laion400m_e31')
[[7 1 0 ... 0 1 0]
 [1 7 0 ... 0 2 0]
 [0 0 7 ... 1 3 1]
 ...
 [0 0 1 ... 7 0 2]
 [1 2 3 ... 0 7 0]
 [0 0 1 ... 2 0 7]]
(113, 113)
7

openCLIP_objectnet_('ViT-B-16', 'laion400m_e32')
[[7 1 0 ... 0 1 0]
 [1 7 0 ... 0 3 0]
 [0 0 7 ... 1 0 1]
 ...
 [0 0 1 ... 7 0 2]
 [1 3 0 ... 0 7 0]
 [0 0 1 ... 2 0 7]]
(113, 113)
7

openCLIP_objectnet_('ViT-B-16-plus-240', 'laion400m_e31')
[[7 1 0 ... 0 1 0]
 [1 7 0 ... 0 4 0]
 [0 0 7 ... 1 0 1]
 ...
 [0 0 1 ... 7 0 2]
 [1 4 0 ... 0 7 0]
 [0 0 1 ... 2 0 7]]
(113, 113)
7

openCLIP_objectnet_('ViT-B-16-plus-240', 'laion400m_e32')
[[7 1 1 ... 0 1 0]
 [1 7 1 ... 0 4 0]
 [1 1 7 ... 0 3 0]
 ...
 [0 0 0 ... 7 0 2]
 [1 4 3 ... 0 7 0]
 [0 0 0 ... 2 0 7]]
(113, 113)
7

openCLIP_objectnet_('ViT-B-32', 'laion2b_e16')
[[7 0 1 ... 1 0 1]
 [0 7 0 ... 0 3 0]
 [1 0 7 ... 1 0 1]
 ...
 [1 0 1 ... 7 0 2]
 [0 3 0 ... 0 7 0]
 [1 0 1 ... 2 0 7]]
(113, 113)
7

openCLIP_objectnet_('ViT-B-32', 'laion2b_s34b_b79k')
[[7 0 3 ... 1 0 2]
 [0 7 0 ... 0 3 0]
 [3 0 7 ... 1 0 1]
 ...
 [1 0 1 ... 7 0 1]
 [0 3 0 ... 0 7 0]
 [2 0 1 ... 1 0 7]]
(113, 113)
7

openCLIP_objectnet_('ViT-B-32', 'laion400m_e31')
[[7 1 0 ... 0 1 0]
 [1 7 0 ... 0 2 0]
 [0 0 7 ... 1 3 1]
 ...
 [0 0 1 ... 7 0 2]
 [1 2 3 ... 0 7 0]
 [0 0 1 ... 2 0 7]]
(113, 113)
7

openCLIP_objectnet_('ViT-B-32', 'laion400m_e32')
[[7 1 0 ... 0 1 0]
 [1 7 0 ... 0 2 0]
 [0 0 7 ... 1 3 1]
 ...
 [0 0 1 ... 7 0 2]
 [1 2 3 ... 0 7 0]
 [0 0 1 ... 2 0 7]]
(113, 113)
7

openCLIP_objectnet_('ViT-B-32', 'openai')
[[7 0 1 ... 1 0 2]
 [0 7 0 ... 0 4 0]
 [1 0 7 ... 1 3 1]
 ...
 [1 0 1 ... 7 0 1]
 [0 4 3 ... 0 7 0]
 [2 0 1 ... 1 0 7]]
(113, 113)
7

openCLIP_objectnet_('ViT-B-32-quickgelu', 'laion400m_e31')
[[7 3 1 ... 1 0 1]
 [3 7 0 ... 0 2 0]
 [1 0 7 ... 1 0 3]
 ...
 [1 0 1 ... 7 0 2]
 [0 2 0 ... 0 7 0]
 [1 0 3 ... 2 0 7]]
(113, 113)
7

openCLIP_objectnet_('ViT-B-32-quickgelu', 'laion400m_e32')
[[7 0 1 ... 1 0 1]
 [0 7 0 ... 0 3 0]
 [1 0 7 ... 1 0 3]
 ...
 [1 0 1 ... 7 0 2]
 [0 3 0 ... 0 7 0]
 [1 0 3 ... 2 0 7]]
(113, 113)
7

openCLIP_objectnet_('ViT-L-14', 'laion2b_s32b_b82k')
[[7 1 0 ... 0 1 0]
 [1 7 0 ... 0 2 0]
 [0 0 7 ... 1 0 1]
 ...
 [0 0 1 ... 7 0 2]
 [1 2 0 ... 0 7 0]
 [0 0 1 ... 2 0 7]]
(113, 113)
7

openCLIP_objectnet_('ViT-L-14', 'laion400m_e31')
[[7 0 1 ... 1 0 1]
 [0 7 0 ... 0 3 0]
 [1 0 7 ... 1 0 1]
 ...
 [1 0 1 ... 7 0 2]
 [0 3 0 ... 0 7 0]
 [1 0 1 ... 2 0 7]]
(113, 113)
7

openCLIP_objectnet_('ViT-L-14', 'laion400m_e32')
[[7 0 1 ... 1 0 1]
 [0 7 0 ... 0 3 0]
 [1 0 7 ... 1 0 1]
 ...
 [1 0 1 ... 7 0 2]
 [0 3 0 ... 0 7 0]
 [1 0 1 ... 2 0 7]]
(113, 113)
7

openCLIP_objectnet_('coca_ViT-B-32', 'laion2b_s13b_b90k')
[[7 1 0 ... 0 1 0]
 [1 7 0 ... 0 3 0]
 [0 0 7 ... 1 0 1]
 ...
 [0 0 1 ... 7 0 2]
 [1 3 0 ... 0 7 0]
 [0 0 1 ... 2 0 7]]
(113, 113)
7

openCLIP_objectnet_('coca_ViT-L-14', 'laion2b_s13b_b90k')
[[7 1 0 ... 0 1 0]
 [1 7 0 ... 0 2 0]
 [0 0 7 ... 1 3 1]
 ...
 [0 0 1 ... 7 0 2]
 [1 2 3 ... 0 7 0]
 [0 0 1 ... 2 0 7]]
(113, 113)
7
